[gd_scene load_steps=9 format=3 uid="uid://btlcpec1pk0f4"]

[ext_resource type="PackedScene" uid="uid://dkabcoifiupav" path="res://assets/kaykit/misc/Dummy.glb" id="1_026v1"]
[ext_resource type="PackedScene" uid="uid://duowqwgxey3gs" path="res://assets/weapons/pew.tscn" id="2_ay4of"]
[ext_resource type="Script" uid="uid://7iy6573sjk0f" path="res://entities/enemy/dummy.gd" id="2_qj7bw"]
[ext_resource type="Material" uid="uid://dpxgsuoxjgihj" path="res://assets/weapons/pew_enemy.tres" id="3_qj7bw"]
[ext_resource type="PackedScene" uid="uid://c2loq3sxxai7g" path="res://assets/weapons/gun_pistol.tscn" id="5_kauxl"]
[ext_resource type="Texture2D" uid="uid://dc8ip7ta33dki" path="res://assets/kaykit/prototype/prototypebits_texture.png" id="6_2vm3u"]

[sub_resource type="StandardMaterial3D" id="StandardMaterial3D_kauxl"]
albedo_texture = ExtResource("6_2vm3u")

[sub_resource type="StandardMaterial3D" id="StandardMaterial3D_un4hm"]
albedo_texture = ExtResource("6_2vm3u")

[node name="Dummy" instance=ExtResource("1_026v1")]
script = ExtResource("2_qj7bw")

[node name="Skeleton3D" parent="Rig" index="0"]
bones/0/rotation = Quaternion(-1.0242502e-09, 0.13052633, 7.779969e-09, 0.9914448)
bones/1/position = Vector3(-0.0033304892, 0.397671, 0.012429538)
bones/1/rotation = Quaternion(-1.1512805e-09, 0.1736481, 1.0437787e-08, 0.98480785)
bones/2/rotation = Quaternion(-9.921616e-10, 0.13052623, 7.729604e-09, 0.99144495)
bones/3/rotation = Quaternion(-2.9152045e-09, -0.13052619, -8.897313e-09, 0.99144495)
bones/4/position = Vector3(0.21200736, 0.13413203, 7.958496e-08)
bones/4/rotation = Quaternion(-0.4823795, -0.13727103, -0.646959, 0.5743787)
bones/5/rotation = Quaternion(3.8844448e-08, -7.9369045e-08, -0.43571565, 0.9000844)
bones/7/rotation = Quaternion(-0.060148302, -0.3245746, -0.04399176, 0.9429201)
bones/8/position = Vector3(9.699541e-11, 0.09612522, -0.05750002)
bones/8/rotation = Quaternion(6.9489694e-09, -3.5877423e-09, -0.7071069, 0.70710665)
bones/9/position = Vector3(-0.21692032, 0.13413218, -0.032671843)
bones/9/rotation = Quaternion(-0.57864887, 0.3993179, 0.539785, 0.46297175)
bones/10/rotation = Quaternion(7.942978e-09, 4.7508788e-08, 0.56826115, 0.82284826)
bones/12/rotation = Quaternion(0.15649407, 0.58110905, 0.15089716, 0.78425246)
bones/13/position = Vector3(-0.0031505716, 0.09575819, -0.074045554)
bones/13/rotation = Quaternion(3.836877e-09, -2.6527465e-09, 0.7071069, 0.70710665)
bones/14/rotation = Quaternion(-0.067868784, -0.29600218, -0.021708228, 0.9525258)
bones/15/position = Vector3(0.15888226, 0.0687299, 0.02454876)
bones/15/rotation = Quaternion(0.9791938, 0.0715567, 0.18140578, 0.05613382)
bones/16/rotation = Quaternion(0.4486049, 7.077966e-08, -2.9816914e-07, 0.8937303)
bones/17/rotation = Quaternion(-0.7086099, -0.104179874, 0.08415175, 0.69277495)
bones/18/rotation = Quaternion(-2.2448714e-05, 0.9201654, -0.39153004, 5.178907e-06)
bones/19/position = Vector3(-0.17094505, 0.11358728, 1.499408e-08)
bones/19/rotation = Quaternion(0.94835347, -0.10917568, 0.29754773, 0.013107434)
bones/20/rotation = Quaternion(0.035320837, -7.5001566e-08, 2.5879288e-08, 0.99937606)
bones/21/rotation = Quaternion(-0.35515553, 0.10453929, -0.064677685, 0.9266892)
bones/22/rotation = Quaternion(-2.129095e-06, 0.92046565, -0.39082378, 5.248912e-07)
bones/23/position = Vector3(0.18545714, 0.2598302, 0.22065103)
bones/23/rotation = Quaternion(0.7071068, -2.2930234e-07, -4.6055156e-08, 0.7071068)
bones/24/position = Vector3(0.2614661, 0.025990266, 0.1480464)
bones/24/rotation = Quaternion(-0.7033822, 0.072481014, 0.072481014, 0.7033822)
bones/25/position = Vector3(2.5596094e-08, 0.36283267, -2.4286129e-15)
bones/25/rotation = Quaternion(7.1054375e-15, -1.3832117e-22, 1, 3.2673634e-23)
bones/26/position = Vector3(-1.5574136e-08, 0.21343614, -1.0534966e-08)
bones/26/rotation = Quaternion(-1.02578326e-07, 0.39108434, 0.92035484, -3.295464e-08)
bones/27/position = Vector3(2.5820137e-09, 0.16565005, -1.960292e-08)
bones/28/rotation = Quaternion(1, 1.0206753e-09, 1.9196605e-07, 1.0244548e-08)
bones/30/position = Vector3(-0.32534114, 0.29894596, 0.49512035)
bones/30/rotation = Quaternion(0.7071068, -3.82385e-08, 1.4500867e-07, 0.7071068)
bones/31/position = Vector3(-0.17094514, 0.025990264, 0.37007463)
bones/31/rotation = Quaternion(-0.7071068, -7.0528515e-08, -7.05285e-08, 0.7071068)
bones/32/position = Vector3(-0.032063752, 0.3860944, -0.001946936)
bones/32/rotation = Quaternion(-1.0665905e-08, 2.5074647e-09, 0.9788157, 0.20474385)
bones/33/position = Vector3(5.9619847e-09, 0.21343614, -3.9266137e-09)
bones/33/rotation = Quaternion(-1.0060663e-07, 0.39108434, 0.92035484, -2.8069156e-08)
bones/34/position = Vector3(1.9620735e-08, 0.16565004, 2.8212537e-09)
bones/35/rotation = Quaternion(1, -4.058572e-09, 1.907939e-07, -6.519259e-09)
bones/37/rotation = Quaternion(-0.7071068, -7.279511e-08, -7.279509e-08, 0.7071068)
bones/38/position = Vector3(0.55426264, 0.852234, -0.18236932)
bones/38/rotation = Quaternion(-0.7400245, -0.33685085, -0.56538206, 0.1387024)
bones/39/rotation = Quaternion(-0.7071068, -7.279511e-08, -7.279509e-08, 0.7071068)
bones/40/position = Vector3(-0.47208077, 1.0053097, 0.36813316)
bones/40/rotation = Quaternion(-0.44454494, 0.63975585, 0.39336196, -0.48822)

[node name="head" parent="Rig/Skeleton3D" index="0"]
transform = Transform3D(0.9999657, 1.2665987e-07, 0.008276671, -0.0011766384, 0.9898451, 0.14214486, -0.008192629, -0.14214975, 0.9898112, -4.2460194e-08, 1.233433, 0.012868012)

[node name="chest" parent="Rig/Skeleton3D" index="1"]
transform = Transform3D(0.8191519, -3.91447e-08, 0.57357657, 3.1719118e-08, 0.99999994, 2.2947113e-08, -0.57357657, -6.03833e-10, 0.8191519, -3.193823e-08, 0.96463645, 0.012868012)

[node name="BoneAttachment3D" type="BoneAttachment3D" parent="Rig/Skeleton3D" index="8"]
transform = Transform3D(0.06420079, 0.05251649, -0.99655366, 0.29528916, 0.95289546, 0.069239296, 0.95324785, -0.29871672, 0.045669172, -0.2726204, 1.0213909, 0.6376543)
bone_name = "handslot.r"
bone_idx = 13

[node name="pointer" type="Marker3D" parent="Rig/Skeleton3D/BoneAttachment3D" index="0"]
transform = Transform3D(0.99619615, 0, 0.087155744, 0, 1.0000013, 0, -0.08715586, 0, 0.99619484, 0.22350508, 0.031000495, 0.03706509)

[node name="pew" parent="Rig/Skeleton3D/BoneAttachment3D/pointer" index="0" instance=ExtResource("2_ay4of")]
transform = Transform3D(5, 0, 0, 0, 5, 0, 0, 0, 5, 0, 0, 0)
visible = false

[node name="pew" parent="Rig/Skeleton3D/BoneAttachment3D/pointer/pew" index="0"]
transform = Transform3D(1, 0, 0, 0, 1, 0, 0, 0, 1.0000001, 0, 0, 0)
surface_material_override/0 = ExtResource("3_qj7bw")

[node name="pewhaut" parent="Rig/Skeleton3D/BoneAttachment3D/pointer/pew/pew" index="0"]
surface_material_override/0 = ExtResource("3_qj7bw")

[node name="pewmagazine" parent="Rig/Skeleton3D/BoneAttachment3D/pointer/pew/pew" index="1"]
surface_material_override/0 = ExtResource("3_qj7bw")

[node name="pewtrigger" parent="Rig/Skeleton3D/BoneAttachment3D/pointer/pew/pew" index="2"]
surface_material_override/0 = ExtResource("3_qj7bw")

[node name="Gun_Pistol" parent="Rig/Skeleton3D/BoneAttachment3D/pointer" index="1" instance=ExtResource("5_kauxl")]
transform = Transform3D(0.00015436113, 0.008917229, 0.99996024, 0.015927969, 0.9998338, -0.008918557, -0.9998731, 0.0159287, 1.2300909e-05, -0.1559664, 0.071588874, 0.0035512447)

[node name="Gun_Pistol" parent="Rig/Skeleton3D/BoneAttachment3D/pointer/Gun_Pistol" index="0"]
surface_material_override/0 = SubResource("StandardMaterial3D_kauxl")

[node name="Gun_Pistol_Magazine" parent="Rig/Skeleton3D/BoneAttachment3D/pointer/Gun_Pistol/Gun_Pistol" index="0"]
surface_material_override/0 = SubResource("StandardMaterial3D_un4hm")

[node name="ShotRaycast" type="RayCast3D" parent="Rig/Skeleton3D/BoneAttachment3D/pointer" index="2"]
transform = Transform3D(-4.371139e-08, 0, 1, 0, 1, 0, -1, 0, -4.371139e-08, 0, 0, 0)
target_position = Vector3(0, 0, 100)
collision_mask = 2
hit_from_inside = true

[editable path="Rig/Skeleton3D/BoneAttachment3D/pointer/pew"]
[editable path="Rig/Skeleton3D/BoneAttachment3D/pointer/Gun_Pistol"]
