[gd_scene load_steps=9 format=3 uid="uid://dxnl4jurpfddl"]

[ext_resource type="Script" uid="uid://34cxhmcvug2m" path="res://entities/npc/npc_dummy_sitting.gd" id="1_dwd6t"]
[ext_resource type="PackedScene" uid="uid://btlcpec1pk0f4" path="res://entities/enemy/dummy.tscn" id="1_svb3k"]

[sub_resource type="CapsuleShape3D" id="CapsuleShape3D_dwd6t"]
radius = 0.47802734
height = 2.4682617

[sub_resource type="AnimationNodeAnimation" id="AnimationNodeAnimation_kr2yx"]
animation = &"Sit_Chair_Idle"

[sub_resource type="AnimationNodeStateMachineTransition" id="AnimationNodeStateMachineTransition_wfx4m"]
advance_mode = 2

[sub_resource type="AnimationNodeStateMachine" id="AnimationNodeStateMachine_kfvlc"]
states/Sit_Chair_Idle/node = SubResource("AnimationNodeAnimation_kr2yx")
states/Sit_Chair_Idle/position = Vector2(450, 100)
transitions = ["Start", "Sit_Chair_Idle", SubResource("AnimationNodeStateMachineTransition_wfx4m")]

[sub_resource type="AnimationNodeBlendTree" id="AnimationNodeBlendTree_k0m3b"]
nodes/MovementStateMachine/node = SubResource("AnimationNodeStateMachine_kfvlc")
nodes/MovementStateMachine/position = Vector2(-240, 140)
node_connections = [&"output", 0, &"MovementStateMachine"]

[sub_resource type="SphereShape3D" id="SphereShape3D_svb3k"]
radius = 2.4835818

[node name="NpcDummySitting" type="CharacterBody3D"]
collision_layer = 32
collision_mask = 0
script = ExtResource("1_dwd6t")

[node name="CollisionShape3D" type="CollisionShape3D" parent="."]
transform = Transform3D(1, 0, 0, 0, 1, 0, 0, 0, 1, 0, 1.2341309, 0)
shape = SubResource("CapsuleShape3D_dwd6t")

[node name="Dummy" parent="." node_paths=PackedStringArray("animationTree") instance=ExtResource("1_svb3k")]
animationTree = NodePath("AnimationTree")

[node name="Skeleton3D" parent="Dummy/Rig" index="0"]
bones/0/rotation = Quaternion(0, 1.19209275e-07, 0, 1)
bones/1/position = Vector3(9.462559e-08, 0.48128262, -0.39688855)
bones/1/rotation = Quaternion(-0.05233592, 0.0012066803, -6.324933e-05, 0.9986288)
bones/2/rotation = Quaternion(0.010157144, -2.874021e-10, 2.4548968e-05, 0.9999485)
bones/3/rotation = Quaternion(0.05227553, 0.0009350141, 0.020544278, 0.99842095)
bones/4/position = Vector3(0.21200736, 0.13413233, 8.4097145e-08)
bones/4/rotation = Quaternion(-0.33179834, -0.17134787, -0.81579757, 0.44161546)
bones/5/rotation = Quaternion(3.0988726e-08, -4.407821e-08, -0.4650203, 0.88530016)
bones/7/rotation = Quaternion(-0.1493254, -0.41851762, -0.18856438, 0.87577885)
bones/8/position = Vector3(-2.9288476e-08, 0.0961251, -0.057500057)
bones/8/rotation = Quaternion(0.12751268, -0.0059294268, -0.50201166, 0.85538864)
bones/9/position = Vector3(-0.21200736, 0.13413234, 7.902129e-08)
bones/9/rotation = Quaternion(-0.4860999, 0.13007702, 0.7272085, 0.46685636)
bones/10/rotation = Quaternion(1.876006e-08, 6.0668825e-08, 0.6299252, 0.77665585)
bones/12/rotation = Quaternion(-0.039345793, -0.041142013, 0.110277645, 0.9922692)
bones/13/position = Vector3(3.2114436e-09, 0.09612512, -0.05749999)
bones/13/rotation = Quaternion(0.11654471, 0.24306682, 0.4812622, 0.8340998)
bones/14/rotation = Quaternion(-1.1270788e-07, -0.00064994127, 0.00030790115, 0.99999976)
bones/15/position = Vector3(0.14728987, 0.08435907, 0.02277348)
bones/15/rotation = Quaternion(0.75809884, 0.0147020845, -0.13112728, 0.6386514)
bones/16/rotation = Quaternion(0.5896323, 6.0159216e-08, -4.101138e-07, 0.80767184)
bones/17/rotation = Quaternion(-0.62060446, 0.09371696, -0.016651308, 0.7783251)
bones/18/rotation = Quaternion(-3.4937682e-05, 0.9201413, -0.39158675, 7.91492e-06)
bones/19/position = Vector3(-0.14905041, 0.08431739, 0.023280699)
bones/19/rotation = Quaternion(0.76342237, -0.037992653, 0.07594453, 0.64029306)
bones/20/rotation = Quaternion(0.59248626, -7.108396e-08, 4.1668468e-07, 0.8055807)
bones/21/rotation = Quaternion(-0.6253612, -0.027268382, 0.010632403, 0.77978647)
bones/22/rotation = Quaternion(-5.050291e-06, 0.9201402, -0.3915891, 1.1913465e-06)
bones/23/position = Vector3(0.30971888, 0.7759252, 0.21473837)
bones/23/rotation = Quaternion(0.7058835, 0.041574772, -0.041575056, 0.7058835)
bones/24/position = Vector3(0.21750778, 0.025990268, 0.24423331)
bones/24/rotation = Quaternion(-0.7058835, 0.04157494, 0.041574933, 0.7058835)
bones/25/position = Vector3(3.7862264e-09, 0.3512491, 0.22588004)
bones/25/rotation = Quaternion(4.5764756e-09, 0.39578286, 0.91834414, -6.909899e-10)
bones/26/position = Vector3(-1.4247597e-08, 0.21343616, -1.42293315e-08)
bones/26/rotation = Quaternion(-1.0612938e-07, 0.39108434, 0.92035484, -3.2435327e-08)
bones/27/position = Vector3(-2.7595792e-09, 0.16565003, -2.5801338e-08)
bones/28/rotation = Quaternion(1, -1.12534825e-11, 1.947308e-07, 2.0736482e-10)
bones/30/position = Vector3(-0.2554088, 0.7759252, 0.21092916)
bones/30/rotation = Quaternion(0.7071068, -3.82385e-08, 1.4500867e-07, 0.7071068)
bones/31/position = Vector3(-0.23306775, 0.025990268, 0.2428165)
bones/31/rotation = Quaternion(-0.7053473, -0.049851958, -0.04985195, 0.7053473)
bones/32/position = Vector3(8.462284e-09, 0.35124913, 0.22588004)
bones/32/rotation = Quaternion(1.2711033e-09, 0.3957829, 0.9183441, -5.661451e-09)
bones/33/position = Vector3(-2.5673602e-08, 0.21343614, 3.2650327e-08)
bones/33/rotation = Quaternion(-1.035365e-07, 0.39108434, 0.92035484, -2.9330488e-08)
bones/34/position = Vector3(1.3611778e-10, 0.16565003, -1.4052409e-08)
bones/35/rotation = Quaternion(1, 2.185228e-11, 1.9466441e-07, -5.8207647e-11)
bones/37/position = Vector3(1.3427927, 1.0675246, -0.9267139)
bones/37/rotation = Quaternion(-0.7071068, -7.279511e-08, -7.279509e-08, 0.7071068)
bones/38/position = Vector3(0.4635702, 0.8524891, -0.3126634)
bones/38/rotation = Quaternion(-0.5330267, -0.1864418, -0.77699673, -0.27820528)
bones/39/position = Vector3(-0.88333833, 0.9068636, -0.9267144)
bones/39/rotation = Quaternion(-0.7071068, -7.279511e-08, -7.279509e-08, 0.7071068)
bones/40/position = Vector3(-0.41836184, 0.8615522, -0.31689534)
bones/40/rotation = Quaternion(-0.22929737, 0.38462374, 0.8757166, -0.18057664)

[node name="head" parent="Dummy/Rig/Skeleton3D" index="0"]
transform = Transform3D(0.9991341, -0.04128869, 0.0051199063, 0.041384086, 0.9989394, -0.020186346, -0.004281008, 0.020380741, 0.9997831, -0.010932876, 1.3143797, -0.44309148)
visible = true

[node name="chest" parent="Dummy/Rig/Skeleton3D" index="1"]
transform = Transform3D(0.9991518, -0.040673412, 0.0064186845, 0.040795133, 0.99896467, -0.02013316, -0.005593154, 0.020377927, 0.99977666, -2.940113e-09, 1.0458615, -0.448569)
visible = true

[node name="Dummy_ArmLeft" parent="Dummy/Rig/Skeleton3D" index="2"]
visible = true

[node name="Dummy_ArmRight" parent="Dummy/Rig/Skeleton3D" index="3"]
visible = true

[node name="Dummy_Body" parent="Dummy/Rig/Skeleton3D" index="4"]
visible = true

[node name="Dummy_Head" parent="Dummy/Rig/Skeleton3D" index="5"]
visible = true

[node name="Dummy_LegLeft" parent="Dummy/Rig/Skeleton3D" index="6"]
visible = true

[node name="Dummy_LegRight" parent="Dummy/Rig/Skeleton3D" index="7"]
visible = true

[node name="BoneAttachment3D" parent="Dummy/Rig/Skeleton3D" index="8"]
transform = Transform3D(-0.07121062, 0.45958817, -0.8852723, -0.9284031, 0.29395288, 0.22728541, 0.36468595, 0.8380749, 0.40575105, -0.38115555, 0.7163434, -0.22561526)

[node name="Physical Bone root" parent="Dummy/Rig/Skeleton3D/PhysicalBoneSimulator3D" index="0"]
transform = Transform3D(0.9659258, -0.25881907, -3.846098e-09, -1.5694203e-08, -4.3711378e-08, -1, 0.25881907, 0.9659258, -4.628391e-08, 0, 0, 0)
body_offset = Transform3D(0.96592575, -0.2588193, -3.846088e-09, -1.5694203e-08, -4.3711378e-08, -1, 0.2588193, 0.96592575, -4.6283905e-08, 0, 0, 0)

[node name="Physical Bone hips" parent="Dummy/Rig/Skeleton3D/PhysicalBoneSimulator3D" index="1"]
transform = Transform3D(0.9999971, 0.0024168452, 2.0382815e-09, -0.0002526271, 0.10452817, -0.9945219, -0.0024036057, 0.994519, 0.10452848, -4.3849324e-10, 0.5767455, -0.4069221)
joint_offset = Transform3D(1, 0, 0, 0, 1, 0, 0, 0, 1, 2.4909255e-10, -1.4303433e-09, 0.095988706)
body_offset = Transform3D(0.99999994, -6.3795596e-08, -3.2014214e-09, -3.1141099e-09, 0, -0.9999998, 6.3795596e-08, 0.9999999, 1.4901161e-08, 5.820766e-11, 0.09598869, 0)

[node name="Physical Bone spine" parent="Dummy/Rig/Skeleton3D/PhysicalBoneSimulator3D" index="2"]
transform = Transform3D(0.9999971, 0.0024113425, 3.5614528e-10, -0.0002032858, 0.0843039, -0.99644005, -0.0024027582, 0.9964372, 0.08430415, -1.3161453e-08, 0.85871625, -0.43271425)
joint_offset = Transform3D(1, 0, 0, 0, 1, 0, 0, 0, 1, 6.250501e-08, -2.0900985e-05, 0.18717235)
body_offset = Transform3D(1, -5.5660494e-06, -3.0559022e-09, -2.9976945e-09, -7.5250864e-07, -1, 5.5658165e-06, 1, -7.4505806e-07, -6.204937e-08, 0.18717235, 2.104044e-05)

[node name="Physical Bone chest" parent="Dummy/Rig/Skeleton3D/PhysicalBoneSimulator3D" index="3"]
transform = Transform3D(0.0064187124, -0.56949776, -0.8219679, -0.02013338, 0.8217446, -0.56950027, 0.9997768, 0.02020445, -0.006191372, 0.10403057, 1.117506, -0.4478111)
joint_offset = Transform3D(1, 0, 0, 0, 1, 0, 0, 0, 1, 1.6970916e-05, 0.00035633892, 0.12631609)
body_offset = Transform3D(1.816079e-08, -0.53560466, -0.84446895, -2.1979213e-07, 0.84446895, -0.53560466, 1.0000001, 2.0489097e-07, -1.06636435e-07, 0.10686086, 0.06735456, -1.6957521e-05)

[node name="Physical Bone upperarm_l" parent="Dummy/Rig/Skeleton3D/PhysicalBoneSimulator3D" index="4"]
transform = Transform3D(-0.35983112, 0.3712537, -0.8559745, -0.6359775, 0.57367766, 0.5161654, 0.68268174, 0.73011285, 0.029681923, 0.31021, 1.1258494, -0.45054698)
joint_offset = Transform3D(1, 0, 0, 0, 1, 0, 0, 0, 1, -7.575667e-05, -3.2712313e-05, 0.1213274)
body_offset = Transform3D(1.0000002, -0.00045582652, 0.00036488473, 0.00036498532, 7.1899965e-05, -1.0000002, 0.00045576692, 1.0000002, 7.2168186e-05, 3.1471252e-05, 0.12132746, 2.399087e-05)

[node name="Physical Bone lowerarm_l" parent="Dummy/Rig/Skeleton3D/PhysicalBoneSimulator3D" index="5"]
transform = Transform3D(-0.9093437, 0.37077498, -0.1887324, 0.06431255, 0.5734527, 0.8167104, 0.4110449, 0.7305326, -0.54531115, 0.43809417, 0.9571105, -0.38295728)
joint_offset = Transform3D(1, 0, 0, 0, 1, 0, 0, 0, 1, 4.5385947e-05, -8.1194856e-05, 0.13044004)
body_offset = Transform3D(1.0000002, 0.00027567148, -0.00035211444, -0.00035203993, -1.2367964e-05, -1.0000005, -0.00027555227, 1.0000001, -1.2367964e-05, 5.662441e-07, 0.13044012, 8.2820654e-05)

[node name="Physical Bone wrist_l" parent="Dummy/Rig/Skeleton3D/PhysicalBoneSimulator3D" index="6"]
transform = Transform3D(-0.89772266, 0.37122288, -0.23725009, 0.020693082, 0.5734533, 0.8189769, 0.4400748, 0.73030466, -0.5224838, 0.47135314, 0.8209142, -0.29299477)
joint_offset = Transform3D(1, 0, 0, 0, 1, 0, 0, 0, 1, -7.727093e-06, -3.3911896e-05, 0.037016734)
body_offset = Transform3D(1.0000002, -0.00022780895, -7.8976154e-07, -7.4505806e-07, -4.0322542e-05, -1.0000004, 0.00022783875, 1, -4.029274e-05, 7.748604e-06, 0.03701675, 3.540516e-05)

[node name="Physical Bone hand_l" parent="Dummy/Rig/Skeleton3D/PhysicalBoneSimulator3D" index="7"]
transform = Transform3D(-0.2748397, 0.6779663, 0.6817807, 0.6327985, -0.40632182, 0.65914243, 0.7238987, 0.6125883, -0.31734267, 0.44177982, 0.75376856, -0.25599802)
joint_offset = Transform3D(1, 0, 0, 0, 1, 0, 0, 0, 1, -7.988665e-06, 3.9633363e-05, 0.05613319)
body_offset = Transform3D(1.0000002, -0.00027620792, -0.00035655499, -0.00016441941, 0.51295245, -0.8584176, 0.00041988492, 0.85841745, 0.51295227, 2.8014183e-05, 0.04816538, -0.028827667)

[node name="Physical Bone upperarm_r" parent="Dummy/Rig/Skeleton3D/PhysicalBoneSimulator3D" index="8"]
transform = Transform3D(-0.12047138, -0.6079423, 0.7847884, 0.5662179, 0.60726357, 0.55734026, -0.8154041, 0.5115048, 0.27106994, -0.31241682, 1.1037395, -0.4775021)
joint_offset = Transform3D(1, 0, 0, 0, 1, 0, 0, 0, 1, -4.8008642e-05, -6.167768e-05, 0.12116686)
body_offset = Transform3D(0.99999833, -0.002107203, -3.5777688e-05, -3.5196543e-05, 0.00021238625, -1.0000005, 0.002107352, 0.9999981, 0.00021225214, 5.221367e-05, 0.121166945, 3.606081e-05)

[node name="Physical Bone lowerarm_r" parent="Dummy/Rig/Skeleton3D/PhysicalBoneSimulator3D" index="9"]
transform = Transform3D(-0.79300374, -0.6075195, 0.04544315, -0.4281017, 0.60876906, 0.66792905, -0.43344426, 0.510216, -0.74283624, -0.41295853, 0.9493165, -0.41348225)
joint_offset = Transform3D(1, 0, 0, 0, 1, 0, 0, 0, 1, 2.51219e-05, 0.00015331572, 0.13027462)
body_offset = Transform3D(1.0000001, -0.00064870715, -0.00021746755, -0.00021749735, 0.00012379885, -1.0000004, 0.00064879656, 1, 0.00012376904, 3.3080578e-06, 0.13027465, -0.000169456)

[node name="Physical Bone wrist_r" parent="Dummy/Rig/Skeleton3D/PhysicalBoneSimulator3D" index="10"]
transform = Transform3D(-0.78948873, -0.60746807, 0.0876936, -0.39175442, 0.6087335, 0.68990725, -0.47247872, 0.5103197, -0.7185665, -0.4221662, 0.83721405, -0.29039633)
joint_offset = Transform3D(1, 0, 0, 0, 1, 0, 0, 0, 1, 4.1298877e-06, 3.2309676e-05, 0.037011083)
body_offset = Transform3D(1.0000001, -0.0007300377, -0.00035372376, -0.00035378337, 0.00018364191, -1.0000002, 0.0007301569, 0.9999999, 0.00018340349, 8.9854e-06, 0.037011087, -3.9100647e-05)

[node name="Physical Bone hand_r" parent="Dummy/Rig/Skeleton3D/PhysicalBoneSimulator3D" index="11"]
transform = Transform3D(-0.8309338, -0.39143455, -0.3953834, -0.49032426, 0.17936942, 0.8528826, -0.262928, 0.90255505, -0.340974, -0.40329528, 0.76395094, -0.24468623)
joint_offset = Transform3D(1, 0, 0, 0, 1, 0, 0, 0, 1, -6.1000446e-05, -0.000102827325, 0.056150082)
body_offset = Transform3D(1.0000005, 0.00027815998, -6.0349703e-05, -0.00019489229, 0.51418746, -0.85767835, -0.00020754337, 0.857678, 0.5141876, 6.441772e-05, 0.048211575, -0.0287835)

[node name="Physical Bone upperleg_l" parent="Dummy/Rig/Skeleton3D/PhysicalBoneSimulator3D" index="12"]
transform = Transform3D(0.9646501, -0.18039756, -0.192112, -0.16739105, -0.9824709, 0.082043655, -0.20354491, -0.046985585, -0.9779376, 0.16915661, 0.55820763, -0.27237803)
joint_offset = Transform3D(1, 0, 0, 0, 1, 0, 0, 0, 1, 2.05639e-08, -9.175004e-08, 0.11353877)
body_offset = Transform3D(1, -3.8184226e-08, -9.685755e-07, -1.013279e-06, 2.0116568e-07, -1, 4.656613e-08, 0.99999946, 2.8312206e-07, 8.940697e-08, 0.11353877, 5.9604645e-08)

[node name="Physical Bone lowerleg_l" parent="Dummy/Rig/Skeleton3D/PhysicalBoneSimulator3D" index="13"]
transform = Transform3D(0.9646503, -0.23793943, 0.11329058, -0.16739048, -0.22118361, 0.9607592, -0.20354448, -0.94576037, -0.25319365, 0.18250361, 0.47710603, -0.14242604)
joint_offset = Transform3D(1, 0, 0, 0, 1, 0, 0, 0, 1, 4.052826e-08, -1.0987509e-07, 0.07471852)
body_offset = Transform3D(0.99999994, 1.4901161e-08, 5.5879354e-08, 3.7252903e-09, -2.0861626e-07, -0.9999994, 0, 0.99999994, 7.4505806e-08, -4.4703484e-08, 0.074718475, 1.0430813e-07)

[node name="Physical Bone foot_l" parent="Dummy/Rig/Skeleton3D/PhysicalBoneSimulator3D" index="14"]
transform = Transform3D(0.99307925, 0.00109728, -0.11744093, -4.4889742e-07, -0.99995637, -0.009346638, -0.11744605, 0.009282005, -0.9930359, 0.183766, 0.40609348, -0.041259564)
joint_offset = Transform3D(1, 0, 0, 0, 1, 0, 0, 0, 1, -2.1170175e-07, -1.2306619e-07, 0.08282494)
body_offset = Transform3D(0.9999999, 1.648441e-07, 3.7252903e-08, 0, 9.5926225e-08, -1.0000001, 0, 0.9999996, 4.656613e-08, 2.0861626e-07, 0.082824945, 1.1920929e-07)

[node name="Physical Bone upperleg_r" parent="Dummy/Rig/Skeleton3D/PhysicalBoneSimulator3D" index="15"]
transform = Transform3D(0.9859737, 0.06688979, 0.1529104, 0.055981964, -0.9956437, 0.07456423, 0.15723182, -0.064958155, -0.9854231, -0.16635525, 0.55914325, -0.2703071)
joint_offset = Transform3D(1, 0, 0, 0, 1, 0, 0, 0, 1, 2.9334254e-07, -5.635603e-08, 0.113538764)
body_offset = Transform3D(0.9999999, -5.1353127e-06, -2.8461218e-06, -2.8461218e-06, 2.0340085e-06, -1.0000001, 5.1315874e-06, 0.9999997, 2.0712614e-06, 2.9802322e-08, 0.11353877, -1.7881393e-07)

[node name="Physical Bone lowerleg_r" parent="Dummy/Rig/Skeleton3D/PhysicalBoneSimulator3D" index="16"]
transform = Transform3D(0.9859605, 0.16592936, -0.018693814, 0.056381203, -0.22544289, 0.9726236, 0.15717243, -0.9600224, -0.23163305, -0.18234223, 0.4779988, -0.14112124)
joint_offset = Transform3D(1, 0, 0, 0, 1, 0, 0, 0, 1, 2.2930953e-05, -2.2645604e-06, 0.07472189)
body_offset = Transform3D(0.9999999, 3.054738e-05, -0.00039901584, -0.00039901957, 2.7865171e-06, -0.9999996, -3.056228e-05, 1, 2.9951334e-06, 6.8843365e-06, 0.07472187, 2.041459e-06)

[node name="Physical Bone foot_r" parent="Dummy/Rig/Skeleton3D/PhysicalBoneSimulator3D" index="17"]
transform = Transform3D(0.9900604, -0.0013102349, 0.14063698, 2.9646582e-08, -0.99995667, -0.009316236, 0.14064309, 0.009223641, -0.9900174, -0.19263078, 0.40609896, -0.04182058)
joint_offset = Transform3D(1, 0, 0, 0, 1, 0, 0, 0, 1, 5.1157616e-07, -2.7334018e-08, 0.08282507)
body_offset = Transform3D(1.0000001, -1.7567072e-07, -5.9604645e-08, -2.9802322e-08, -9.313226e-10, -1.0000001, 1.2747478e-07, 0.9999997, -2.9802322e-08, -5.066395e-07, 0.08282508, 2.9802322e-08)

[node name="Physical Bone head" parent="Dummy/Rig/Skeleton3D/PhysicalBoneSimulator3D" index="18"]
transform = Transform3D(0.9991341, -0.04128887, 0.005120597, 0.041384283, 0.99893934, -0.02018815, -0.004281619, 0.020382581, 0.9997831, -0.010932876, 1.3143797, -0.44309148)
body_offset = Transform3D(1, -1.8680294e-07, 6.146729e-07, 1.8485298e-07, 0.99999994, -1.8328428e-06, -6.146729e-07, 1.8402934e-06, 1, 0, 0, 0)

[node name="AnimationTree" type="AnimationTree" parent="Dummy"]
tree_root = SubResource("AnimationNodeBlendTree_k0m3b")
anim_player = NodePath("../AnimationPlayer")

[node name="Area3D" type="Area3D" parent="."]
collision_mask = 2

[node name="CollisionShape3D" type="CollisionShape3D" parent="Area3D"]
transform = Transform3D(1, 0, 0, 0, 1, 0, 0, 0, 1, 0, 1.4936354, 1.6720786)
shape = SubResource("SphereShape3D_svb3k")

[connection signal="body_entered" from="Area3D" to="." method="_on_area_3d_body_entered"]
[connection signal="body_exited" from="Area3D" to="." method="_on_area_3d_body_exited"]

[editable path="Dummy"]
[editable path="Dummy/Rig/Skeleton3D/BoneAttachment3D/pointer/pew"]
[editable path="Dummy/Rig/Skeleton3D/BoneAttachment3D/pointer/Gun_Pistol"]
