[gd_scene format=3 uid="uid://dxnl4jurpfddl"]

[ext_resource type="Script" uid="uid://34cxhmcvug2m" path="res://entities/npc/npc_dummy.gd" id="1_wfx4m"]
[ext_resource type="PackedScene" uid="uid://btlcpec1pk0f4" path="res://entities/enemy/dummy.tscn" id="2_kfvlc"]
[ext_resource type="PackedScene" uid="uid://c6vlhijuot8ks" path="res://environment/dialogue_box.tscn" id="3_k0m3b"]
[ext_resource type="PackedScene" uid="uid://ebc4v13v0xiy" path="res://assets/ui/pointer.tscn" id="4_kfvlc"]
[ext_resource type="Script" uid="uid://ca88v61n8pibv" path="res://entities/npc/npc_dummy_interactable.gd" id="5_k0m3b"]

[sub_resource type="CapsuleShape3D" id="CapsuleShape3D_dwd6t"]
radius = 0.47802734
height = 2.4682617

[sub_resource type="AnimationNodeAnimation" id="AnimationNodeAnimation_wfx4m"]
animation = &"Idle"

[sub_resource type="AnimationNodeAnimation" id="AnimationNodeAnimation_k0m3b"]
animation = &"Sit_Chair_Down"

[sub_resource type="AnimationNodeAnimation" id="AnimationNodeAnimation_kr2yx"]
animation = &"Sit_Chair_Idle"

[sub_resource type="AnimationNodeAnimation" id="AnimationNodeAnimation_p43ok"]
animation = &"Sit_Chair_StandUp"

[sub_resource type="AnimationNodeAnimation" id="AnimationNodeAnimation_kfvlc"]
animation = &"Walking_C"

[sub_resource type="AnimationNodeStateMachineTransition" id="AnimationNodeStateMachineTransition_kfvlc"]
advance_mode = 2

[sub_resource type="AnimationNodeStateMachineTransition" id="AnimationNodeStateMachineTransition_k0m3b"]

[sub_resource type="AnimationNodeStateMachineTransition" id="AnimationNodeStateMachineTransition_p43ok"]

[sub_resource type="AnimationNodeStateMachineTransition" id="AnimationNodeStateMachineTransition_r8m0f"]
switch_mode = 2
advance_mode = 2

[sub_resource type="AnimationNodeStateMachineTransition" id="AnimationNodeStateMachineTransition_ixa2p"]

[sub_resource type="AnimationNodeStateMachineTransition" id="AnimationNodeStateMachineTransition_wfx4m"]
switch_mode = 2
advance_mode = 2

[sub_resource type="AnimationNodeStateMachineTransition" id="AnimationNodeStateMachineTransition_o4qnk"]

[sub_resource type="AnimationNodeStateMachine" id="AnimationNodeStateMachine_kfvlc"]
states/End/position = Vector2(1039, 100)
states/Idle/node = SubResource("AnimationNodeAnimation_wfx4m")
states/Idle/position = Vector2(436, 100)
states/Sit_Chair_Down/node = SubResource("AnimationNodeAnimation_k0m3b")
states/Sit_Chair_Down/position = Vector2(436, 279)
states/Sit_Chair_Idle/node = SubResource("AnimationNodeAnimation_kr2yx")
states/Sit_Chair_Idle/position = Vector2(610, 279)
states/Sit_Chair_StandUp/node = SubResource("AnimationNodeAnimation_p43ok")
states/Sit_Chair_StandUp/position = Vector2(610, 189)
states/Walking_C/node = SubResource("AnimationNodeAnimation_kfvlc")
states/Walking_C/position = Vector2(624, 100)
transitions = ["Start", "Idle", SubResource("AnimationNodeStateMachineTransition_kfvlc"), "Idle", "Walking_C", SubResource("AnimationNodeStateMachineTransition_k0m3b"), "Idle", "Sit_Chair_Down", SubResource("AnimationNodeStateMachineTransition_p43ok"), "Sit_Chair_Down", "Sit_Chair_Idle", SubResource("AnimationNodeStateMachineTransition_r8m0f"), "Sit_Chair_Idle", "Sit_Chair_StandUp", SubResource("AnimationNodeStateMachineTransition_ixa2p"), "Sit_Chair_StandUp", "Idle", SubResource("AnimationNodeStateMachineTransition_wfx4m"), "Walking_C", "Idle", SubResource("AnimationNodeStateMachineTransition_o4qnk")]
graph_offset = Vector2(-94, 30)

[sub_resource type="AnimationNodeBlendTree" id="AnimationNodeBlendTree_k0m3b"]
nodes/MovementStateMachine/node = SubResource("AnimationNodeStateMachine_kfvlc")
nodes/MovementStateMachine/position = Vector2(-240, 140)
node_connections = [&"output", 0, &"MovementStateMachine"]

[sub_resource type="SphereShape3D" id="SphereShape3D_svb3k"]
radius = 2.4835818

[node name="NpcDummy" type="CharacterBody3D" unique_id=966389076 node_paths=PackedStringArray("dialogue_box", "area_col", "navigation_agent", "pointer")]
collision_layer = 32
collision_mask = 0
safe_margin = 0.5
script = ExtResource("1_wfx4m")
dialogue_box = NodePath("DialogueBox")
area_col = NodePath("Area3D/CollisionShape3D")
navigation_agent = NodePath("NavigationAgent3D")
pointer = NodePath("Pointer")

[node name="CollisionShape3D" type="CollisionShape3D" parent="." unique_id=929231383]
transform = Transform3D(1, 0, 0, 0, 1, 0, 0, 0, 1, 0, 1.2341309, 0)
shape = SubResource("CapsuleShape3D_dwd6t")

[node name="Dummy" parent="." unique_id=341616177 node_paths=PackedStringArray("animationTree") instance=ExtResource("2_kfvlc")]
transform = Transform3D(-1, 0, -8.742278e-08, 0, 1, 0, 8.742278e-08, 0, -1, 0, 0, 0)
animationTree = NodePath("AnimationTree")

[node name="Skeleton3D" parent="Dummy/Rig" index="0"]
bones/0/rotation = Quaternion(0, 1.19209275e-07, 0, 1)
bones/1/position = Vector3(0, 0.38552794, 0)
bones/1/rotation = Quaternion(-1.11122646e-10, 0.043157756, 2.57241e-09, 0.9990683)
bones/2/rotation = Quaternion(-1.2390451e-17, 7.1054274e-15, -1.1209479e-16, 1)
bones/3/rotation = Quaternion(-5.451663e-18, -4.2351647e-22, -1.120948e-16, 1)
bones/4/position = Vector3(0.21200736, 0.13413203, 7.958496e-08)
bones/4/rotation = Quaternion(-0.55511147, -0.06323282, -0.6551792, 0.50852066)
bones/5/rotation = Quaternion(1.6614502e-08, -4.8020148e-08, -0.4763078, 0.87927866)
bones/7/rotation = Quaternion(-0.31756765, -0.32636073, 0.13570064, 0.87990046)
bones/8/position = Vector3(9.699541e-11, 0.09612522, -0.05750002)
bones/8/rotation = Quaternion(0.0014764485, 0.0014764379, -0.70166534, 0.71250373)
bones/9/position = Vector3(-0.21200739, 0.13413203, 8.3162696e-08)
bones/9/rotation = Quaternion(-0.6143165, 0.08317052, 0.6280065, 0.47043142)
bones/10/rotation = Quaternion(5.9464504e-09, 6.3471155e-08, 0.50037813, 0.86580706)
bones/12/rotation = Quaternion(-0.31595033, 0.3005408, -0.21731454, 0.87328404)
bones/13/position = Vector3(-1.0718092e-09, 0.096125156, -0.057500023)
bones/13/rotation = Quaternion(0.003129765, 0.003686401, 0.7038472, 0.71033496)
bones/14/rotation = Quaternion(-5.80608e-11, -0.031341746, -1.880125e-09, 0.99950874)
bones/15/position = Vector3(0.17094505, 0.11358728, 1.0396902e-08)
bones/15/rotation = Quaternion(0.99289256, 0.083178535, 0.07552816, 0.0392579)
bones/16/rotation = Quaternion(0.2693537, 6.6412596e-08, -1.8465482e-07, 0.9630413)
bones/17/rotation = Quaternion(-0.5559027, -0.20704003, 0.05512608, 0.80316114)
bones/18/rotation = Quaternion(5.0301966e-05, 0.9202027, -0.39144242, -1.1329706e-05)
bones/19/position = Vector3(-0.17094505, 0.11358728, 1.499408e-08)
bones/19/rotation = Quaternion(0.99575114, -0.03068119, 0.030953245, 0.08111913)
bones/20/rotation = Quaternion(0.33077258, -6.318389e-08, 2.3032113e-07, 0.9437105)
bones/21/rotation = Quaternion(-0.5892516, 0.11405628, -0.01343078, 0.79974586)
bones/22/rotation = Quaternion(-8.9349276e-05, 0.9202217, -0.39139766, 2.0291838e-05)
bones/23/position = Vector3(0.17094491, 0.2923103, 0.5758125)
bones/23/rotation = Quaternion(0.7071068, -2.2930234e-07, -4.6055156e-08, 0.7071068)
bones/24/position = Vector3(0.20218208, 0.025990263, 0.20518115)
bones/24/rotation = Quaternion(-0.7071068, -7.052851e-08, -7.0528486e-08, 0.7071068)
bones/25/position = Vector3(2.5596094e-08, 0.36283267, -2.4286129e-15)
bones/25/rotation = Quaternion(9.6579225e-09, 1.7795516e-09, 0.98571914, -0.1683977)
bones/26/position = Vector3(-1.5574136e-08, 0.21343614, -1.0534966e-08)
bones/26/rotation = Quaternion(-1.02578326e-07, 0.39108434, 0.92035484, -3.295464e-08)
bones/27/position = Vector3(2.5820137e-09, 0.16565005, -1.960292e-08)
bones/28/rotation = Quaternion(1, 1.0206753e-09, 1.9196605e-07, 1.0244548e-08)
bones/30/position = Vector3(-0.17094518, 0.2923103, 0.5758124)
bones/30/rotation = Quaternion(0.7071068, -3.82385e-08, 1.4500867e-07, 0.7071068)
bones/31/position = Vector3(-0.1709451, 0.025990263, 0.2457893)
bones/31/rotation = Quaternion(-0.7071068, -7.0528515e-08, -7.05285e-08, 0.7071068)
bones/32/position = Vector3(2.4015051e-08, 0.36283267, 2.4286129e-15)
bones/32/rotation = Quaternion(-5.8358944e-09, 6.4383693e-10, 0.9948094, 0.10175614)
bones/33/position = Vector3(5.9619847e-09, 0.21343614, -3.9266137e-09)
bones/33/rotation = Quaternion(-1.0060663e-07, 0.39108434, 0.92035484, -2.8069156e-08)
bones/34/position = Vector3(1.9620735e-08, 0.16565004, 2.8212537e-09)
bones/35/rotation = Quaternion(1, -4.058572e-09, 1.907939e-07, -6.519259e-09)
bones/37/position = Vector3(0.45350748, 1.1067611, -0.5888594)
bones/37/rotation = Quaternion(-0.7071068, -7.279511e-08, -7.279509e-08, 0.7071068)
bones/38/position = Vector3(0.5208407, 0.7744795, -0.057637356)
bones/38/rotation = Quaternion(-0.7946268, 1.2665987e-07, -0.60709834, 2.2351742e-08)
bones/39/position = Vector3(-0.45350718, 1.1067611, -0.5888596)
bones/39/rotation = Quaternion(-0.7071068, -7.279511e-08, -7.279509e-08, 0.7071068)
bones/40/position = Vector3(-0.5108437, 0.77447945, 0.059736915)
bones/40/rotation = Quaternion(-0.7582528, -1.0803343e-07, 0.6519608, 4.842878e-08)

[node name="head" parent="Dummy/Rig/Skeleton3D" index="0"]
transform = Transform3D(0.9997204, -1.4014344e-09, 0.023646597, 1.3934143e-09, 0.99999994, 3.5568645e-10, -0.023646597, -3.2263747e-10, 0.9997204, -4.303854e-09, 1.22129, 1.5463912e-15)
visible = true

[node name="chest" parent="Dummy/Rig/Skeleton3D" index="1"]
transform = Transform3D(0.9962748, -5.1496163e-09, 0.08623532, 5.130434e-09, 0.99999994, 4.440771e-10, -0.08623532, 1.8196805e-15, 0.9962748, -2.9196552e-09, 0.9524934, 1.0572674e-15)
visible = true

[node name="Dummy_ArmLeft" parent="Dummy/Rig/Skeleton3D" index="2"]
visible = true

[node name="Dummy_ArmRight" parent="Dummy/Rig/Skeleton3D" index="3"]
visible = true

[node name="Dummy_Body" parent="Dummy/Rig/Skeleton3D" index="4"]
visible = true

[node name="Dummy_Head" parent="Dummy/Rig/Skeleton3D" index="5"]
visible = true

[node name="Dummy_LegLeft" parent="Dummy/Rig/Skeleton3D" index="6"]
visible = true

[node name="Dummy_LegRight" parent="Dummy/Rig/Skeleton3D" index="7"]
visible = true

[node name="BoneAttachment3D" parent="Dummy/Rig/Skeleton3D" index="8"]
transform = Transform3D(0.0021994107, -0.15940927, -0.98721004, -0.9999573, -0.009178512, -0.00074552605, -0.008942513, 0.98716956, -0.15942268, -0.4910514, 0.6262267, 0.10526566)

[node name="Physical Bone root" parent="Dummy/Rig/Skeleton3D/PhysicalBoneSimulator3D" index="0"]
transform = Transform3D(0.96592665, -0.2588161, -1.00753894e-07, -1.0430813e-07, -3.9435122e-13, -1, 0.2588161, 0.96592665, -2.6997e-08, 0, 0, 0)
body_offset = Transform3D(0.9659266, -0.25881633, -1.0075389e-07, -1.0430813e-07, -3.9435122e-13, -1, 0.25881633, 0.9659266, -2.6997025e-08, 0, 0, 0)

[node name="Physical Bone hips" parent="Dummy/Rig/Skeleton3D/PhysicalBoneSimulator3D" index="1"]
transform = Transform3D(0.99627495, 0.08623404, 1.3320739e-08, 2.0159835e-08, -7.843768e-08, -1, -0.08623404, 0.99627495, -7.9883954e-08, -1.3984108e-07, 0.48151603, 5.87201e-08)
joint_offset = Transform3D(1, 0, 0, 0, 1, 0, 0, 0, 1, 1.4244873e-07, -3.8913214e-08, 0.095988095)
body_offset = Transform3D(1, -1.2889504e-06, 1.50295e-08, 1.50294e-08, -7.888175e-08, -1, 1.2889504e-06, 1, -7.888171e-08, -1.4389143e-07, 0.095988095, 4.6484736e-08)

[node name="Physical Bone spine" parent="Dummy/Rig/Skeleton3D/PhysicalBoneSimulator3D" index="2"]
transform = Transform3D(0.9962755, 0.08622804, -1.3739251e-06, -1.2052782e-06, -2.0078874e-06, -1, -0.08622804, 0.9962755, -1.89648e-06, 1.8847988e-06, 0.7645098, -5.019148e-07)
joint_offset = Transform3D(1, 0, 0, 0, 1, 0, 0, 0, 1, -1.6966505e-06, 7.129212e-07, 0.18700433)
body_offset = Transform3D(1, -7.3090196e-06, -1.2103936e-06, -1.2104086e-06, -2.0083314e-06, -1, 7.3090196e-06, 1, -2.0083398e-06, 1.9230047e-06, 0.18700433, -3.373405e-07)

[node name="Physical Bone chest" parent="Dummy/Rig/Skeleton3D/PhysicalBoneSimulator3D" index="3"]
transform = Transform3D(0.08623876, -0.53390056, -0.841138, -1.9069046e-06, 0.84428334, -0.53589714, 0.99627453, 0.046216708, 0.07280892, 0.10696671, 0.9958308, -0.0092810895)
joint_offset = Transform3D(1, 0, 0, 0, 1, 0, 0, 0, 1, 2.1918624e-05, 0.020949535, 0.11387386)
body_offset = Transform3D(3.4496188e-06, -0.53589714, -0.8442833, -1.9073489e-06, 0.8442834, -0.5358972, 1, 3.4607947e-06, 1.8924475e-06, 0.107368596, 0.043337345, -2.2206626e-05)

[node name="Physical Bone upperarm_l" parent="Dummy/Rig/Skeleton3D/PhysicalBoneSimulator3D" index="4"]
transform = Transform3D(0.18969916, 0.6978772, -0.6906386, -0.60406715, 0.6374835, 0.47824445, 0.7740266, 0.32646954, 0.5424947, 0.2987077, 1.0261382, -0.08768605)
joint_offset = Transform3D(1, 0, 0, 0, 1, 0, 0, 0, 1, 0.0005850602, 0.00016045276, 0.12700284)
body_offset = Transform3D(0.9998969, 0.014170691, -0.0024478734, -0.002490759, 0.003011033, -0.9999926, -0.014163345, 0.9998952, 0.0030460358, -0.00027638674, 0.12700288, -0.0005390048)

[node name="Physical Bone lowerarm_l" parent="Dummy/Rig/Skeleton3D/PhysicalBoneSimulator3D" index="5"]
transform = Transform3D(-0.47156683, 0.70198137, -0.5337106, 0.07954039, 0.63662344, 0.76706195, 0.87823576, 0.31926942, -0.35604635, 0.4521156, 0.8690263, -0.10199763)
joint_offset = Transform3D(1, 0, 0, 0, 1, 0, 0, 0, 1, 0.0008775101, -0.0013885873, 0.13500407)
body_offset = Transform3D(0.99996996, -0.0031060278, -0.007165849, -0.0071220696, 0.013860814, -0.9998791, 0.0032049417, 0.9998994, 0.0138385, 8.562207e-05, 0.13501325, -0.0004826188)

[node name="Physical Bone wrist_l" parent="Dummy/Rig/Skeleton3D/PhysicalBoneSimulator3D" index="6"]
transform = Transform3D(-0.43959358, 0.6942064, -0.569943, 0.032697547, 0.6464891, 0.7622223, 0.8976015, 0.31643224, -0.30689126, 0.54278517, 0.74513197, -0.045733552)
joint_offset = Transform3D(1, 0, 0, 0, 1, 0, 0, 0, 1, -8.249863e-05, -2.8036353e-05, 0.038518187)
body_offset = Transform3D(0.9999994, -0.0011762381, -0.000541538, -0.0005401373, 0.0011842698, -0.99999964, 0.0011767745, 0.99999875, 0.001183793, 0.00010332465, 0.03851816, -1.7464161e-05)

[node name="Physical Bone hand_l" parent="Dummy/Rig/Skeleton3D/PhysicalBoneSimulator3D" index="7"]
transform = Transform3D(0.26456487, 0.8368778, 0.47920865, 0.00022404164, -0.4969681, 0.8677688, 0.96436787, -0.22947377, -0.1316678, 0.5331809, 0.6727006, -0.026443968)
joint_offset = Transform3D(1, 0, 0, 0, 1, 0, 0, 0, 1, -0.0003403654, 0.004280001, 0.054946363)
body_offset = Transform3D(0.99999875, -0.0014170855, -0.001070261, -0.0002241653, 0.49696615, -0.86777043, 0.0017614067, 0.8677691, 0.4969648, 0.00040523708, 0.045553744, -0.031019866)

[node name="Physical Bone upperarm_r" parent="Dummy/Rig/Skeleton3D/PhysicalBoneSimulator3D" index="8"]
transform = Transform3D(0.11591844, -0.6728285, 0.7306605, 0.48590603, 0.6799984, 0.54908794, -0.86629, 0.2913829, 0.4057558, -0.30098176, 1.0197476, -0.032510415)
joint_offset = Transform3D(1, 0, 0, 0, 1, 0, 0, 0, 1, -0.001099833, -0.000118855896, 0.12291845)
body_offset = Transform3D(0.99996555, -0.0023632348, 0.00801307, 0.008018702, 0.002380006, -0.99996525, 0.0023441315, 0.99999446, 0.0023990124, 0.00011456013, 0.122923285, -0.00017344952)

[node name="Physical Bone lowerarm_r" parent="Dummy/Rig/Skeleton3D/PhysicalBoneSimulator3D" index="9"]
transform = Transform3D(-0.57806385, -0.6632298, 0.47536132, -0.21366853, 0.68525964, 0.6962507, -0.7875202, 0.30090755, -0.5378352, -0.45162886, 0.8611192, -0.008097159)
joint_offset = Transform3D(1, 0, 0, 0, 1, 0, 0, 0, 1, 0.0009075332, 0.0002570231, 0.13506603)
body_offset = Transform3D(0.99989307, -0.013310134, -0.0060766935, -0.006074369, 0.00021882355, -0.9999819, 0.013311148, 0.9999114, 0.00013794005, -8.326024e-05, 0.13506904, -0.00028771162)

[node name="Physical Bone wrist_r" parent="Dummy/Rig/Skeleton3D/PhysicalBoneSimulator3D" index="10"]
transform = Transform3D(-0.57144135, -0.6606894, 0.48676926, -0.20220502, 0.6882263, 0.696748, -0.7953414, 0.29972345, -0.5268757, -0.53006315, 0.7475413, 0.07861988)
joint_offset = Transform3D(1, 0, 0, 0, 1, 0, 0, 0, 1, -0.0014051835, 0.00018155015, 0.038055446)
body_offset = Transform3D(0.9993874, -0.014286548, 0.03196147, 0.031900644, -0.0044517964, -0.99948156, 0.014421329, 0.9998881, -0.0039933026, 0.0001906082, 0.038081348, -9.298325e-06)

[node name="Physical Bone hand_r" parent="Dummy/Rig/Skeleton3D/PhysicalBoneSimulator3D" index="11"]
transform = Transform3D(0.15024851, -0.857732, -0.4916515, 0.00032747112, -0.49725345, 0.86760527, -0.98864824, -0.13051741, -0.07443071, -0.51831555, 0.684639, 0.101133615)
joint_offset = Transform3D(1, 0, 0, 0, 1, 0, 0, 0, 1, 3.0650963e-06, 0.007210143, 0.04759997)
body_offset = Transform3D(1.0000002, 0.0004722923, -0.00010650605, -0.0003275001, 0.4972514, -0.8676068, -0.0003567487, 0.8676067, 0.4972513, -1.4007092e-06, 0.037712812, -0.02992472)

[node name="Physical Bone upperleg_l" parent="Dummy/Rig/Skeleton3D/PhysicalBoneSimulator3D" index="12"]
transform = Transform3D(0.9832466, 0.07077406, -0.16797948, 0.17267674, -0.06647796, 0.9827327, 0.058385048, -0.9952747, -0.07758527, 0.18725023, 0.39157167, -0.0066361646)
joint_offset = Transform3D(1, 0, 0, 0, 1, 0, 0, 0, 1, 0.001438898, -0.00028130392, 0.10916133)
body_offset = Transform3D(0.9999986, -0.00035005808, -0.0016229562, -0.0016226047, 0.0010426491, -0.9999983, 0.00035172328, 0.999999, 0.0010420606, -0.0012618303, 0.10916376, 0.00016704481)

[node name="Physical Bone lowerleg_l" parent="Dummy/Rig/Skeleton3D/PhysicalBoneSimulator3D" index="13"]
transform = Transform3D(0.9832746, -0.028534137, -0.17988046, 0.17269383, 0.459842, 0.87104666, 0.05786202, -0.88754225, 0.45707858, 0.22128537, 0.21070656, -0.030331185)
joint_offset = Transform3D(1, 0, 0, 0, 1, 0, 0, 0, 1, 0.00020363777, 0.0011005749, 0.074200384)
body_offset = Transform3D(0.9999981, -0.0016220659, -0.0009671785, -0.0009783357, -0.006880313, -0.99997574, 0.0016153567, 0.9999747, -0.006881416, -0.00013008714, 0.07420635, -0.00059027225)

[node name="Physical Bone foot_l" parent="Dummy/Rig/Skeleton3D/PhysicalBoneSimulator3D" index="14"]
transform = Transform3D(0.94263685, -0.24201448, -0.22992331, -0.004094819, -0.6970956, 0.7169665, -0.33379477, -0.67489755, -0.65809906, 0.2539835, 0.0853807, -0.00974343)
joint_offset = Transform3D(1, 0, 0, 0, 1, 0, 0, 0, 1, 0.00011126882, 5.6337332e-05, 0.0835148)
body_offset = Transform3D(0.99998975, -0.0042277724, 0.0014591515, 0.0014794916, 0.004756421, -0.9999875, 0.0042205453, 0.9999795, 0.0047622323, -0.00023289025, 0.08351332, -0.00045452267)

[node name="Physical Bone upperleg_r" parent="Dummy/Rig/Skeleton3D/PhysicalBoneSimulator3D" index="15"]
transform = Transform3D(0.9982358, -0.028473461, 0.05210143, -0.05607232, -0.1635384, 0.9849422, -0.019524131, -0.986126, -0.16484645, -0.1762867, 0.38825187, 0.032750864)
joint_offset = Transform3D(1, 0, 0, 0, 1, 0, 0, 0, 1, 0.00010315184, -0.0005411541, 0.11247426)
body_offset = Transform3D(1, 1.1757016e-05, -5.6936406e-06, -5.690381e-06, 9.0807676e-05, -1.0000001, -1.1749566e-05, 0.99999964, 9.0792775e-05, -0.00010250509, 0.11247432, 0.0005309433)

[node name="Physical Bone lowerleg_r" parent="Dummy/Rig/Skeleton3D/PhysicalBoneSimulator3D" index="16"]
transform = Transform3D(0.99827254, 0.009989856, 0.057898685, -0.05532746, 0.49145362, 0.86914456, -0.019771893, -0.87084645, 0.49115735, -0.18736106, 0.21013556, 0.015966835)
joint_offset = Transform3D(1, 0, 0, 0, 1, 0, 0, 0, 1, 0.00088147406, 0.00063945545, 0.07484684)
body_offset = Transform3D(0.9999997, -0.00057666004, -0.00054011866, -0.0005428875, -0.0048127174, -0.99998826, 0.00057405606, 0.99998826, -0.0048126876, -0.0008406788, 0.074849516, -0.0002797395)

[node name="Physical Bone foot_r" parent="Dummy/Rig/Skeleton3D/PhysicalBoneSimulator3D" index="17"]
transform = Transform3D(0.9794849, 0.14809826, 0.13666093, 0.0043094363, -0.6933977, 0.7205422, 0.20147142, -0.7051713, -0.6798108, -0.20260118, 0.084575064, 0.037199948)
joint_offset = Transform3D(1, 0, 0, 0, 1, 0, 0, 0, 1, 9.274602e-05, 0.0004507745, 0.084604464)
body_offset = Transform3D(0.9999906, 0.0022660345, -0.0036827475, -0.003682211, -0.00028654933, -0.9999931, -0.0022669584, 0.99999714, -0.0002785921, 0.00021781027, 0.084604345, -0.00042699277)

[node name="Physical Bone head" parent="Dummy/Rig/Skeleton3D/PhysicalBoneSimulator3D" index="18"]
transform = Transform3D(0.9997204, 6.48734e-08, 0.023646865, -5.3368456e-09, 1, -2.5177987e-06, -0.023646865, 2.5169684e-06, 0.9997204, -4.6729613e-07, 1.2212836, -1.23505e-07)
joint_offset = Transform3D(1, 0, 0, 0, 0.99999964, 0, 0, 0, 0.99999964, 4.599422e-07, 6.437301e-06, 1.3440255e-07)
body_offset = Transform3D(1.0000001, 6.7309394e-09, 2.682209e-07, -6.730261e-09, 1.0000001, -2.5181548e-06, -2.682209e-07, 2.5181544e-06, 1.0000001, -4.5994236e-07, -6.4373016e-06, -1.3441866e-07)

[node name="AnimationTree" type="AnimationTree" parent="Dummy" unique_id=1640922644]
tree_root = SubResource("AnimationNodeBlendTree_k0m3b")
anim_player = NodePath("../AnimationPlayer")

[node name="Area3D" type="Area3D" parent="." unique_id=1696798997]
collision_mask = 2

[node name="CollisionShape3D" type="CollisionShape3D" parent="Area3D" unique_id=2144675704]
shape = SubResource("SphereShape3D_svb3k")
disabled = true

[node name="DialogueBox" parent="." unique_id=1504824731 instance=ExtResource("3_k0m3b")]
transform = Transform3D(1, 0, 0, 0, 1, 0, 0, 0, 1, 0, 2.8827615, -0.43405917)
visible = false

[node name="NavigationAgent3D" type="NavigationAgent3D" parent="." unique_id=1964510146]
target_desired_distance = 0.1

[node name="Pointer" parent="." unique_id=164535982 instance=ExtResource("4_kfvlc")]
transform = Transform3D(1, 0, 0, 0, 1, 0, 0, 0, 1, 0, 2.6577318, 0)
visible = false

[node name="Interactable" type="Node3D" parent="." unique_id=1258256577 node_paths=PackedStringArray("npc_dummy")]
script = ExtResource("5_k0m3b")
npc_dummy = NodePath("..")

[connection signal="body_entered" from="Area3D" to="." method="_on_area_3d_body_entered"]
[connection signal="body_exited" from="Area3D" to="." method="_on_area_3d_body_exited"]
[connection signal="velocity_computed" from="NavigationAgent3D" to="." method="_on_navigation_agent_3d_velocity_computed"]

[editable path="Dummy"]
[editable path="Dummy/Rig/Skeleton3D/BoneAttachment3D/pointer/pew"]
[editable path="Dummy/Rig/Skeleton3D/BoneAttachment3D/pointer/Gun_Pistol"]
