[gd_scene load_steps=9 format=3 uid="uid://dxnl4jurpfddl"]

[ext_resource type="Script" uid="uid://34cxhmcvug2m" path="res://entities/npc/npc_dummy_sitting.gd" id="1_dwd6t"]
[ext_resource type="PackedScene" uid="uid://btlcpec1pk0f4" path="res://entities/enemy/dummy.tscn" id="1_svb3k"]

[sub_resource type="CapsuleShape3D" id="CapsuleShape3D_dwd6t"]
radius = 0.47802734
height = 2.4682617

[sub_resource type="AnimationNodeAnimation" id="AnimationNodeAnimation_kr2yx"]
animation = &"Sit_Chair_Idle"

[sub_resource type="AnimationNodeStateMachineTransition" id="AnimationNodeStateMachineTransition_wfx4m"]
advance_mode = 2

[sub_resource type="AnimationNodeStateMachine" id="AnimationNodeStateMachine_kfvlc"]
states/Sit_Chair_Idle/node = SubResource("AnimationNodeAnimation_kr2yx")
states/Sit_Chair_Idle/position = Vector2(450, 100)
transitions = ["Start", "Sit_Chair_Idle", SubResource("AnimationNodeStateMachineTransition_wfx4m")]

[sub_resource type="AnimationNodeBlendTree" id="AnimationNodeBlendTree_k0m3b"]
nodes/MovementStateMachine/node = SubResource("AnimationNodeStateMachine_kfvlc")
nodes/MovementStateMachine/position = Vector2(-240, 140)
node_connections = [&"output", 0, &"MovementStateMachine"]

[sub_resource type="SphereShape3D" id="SphereShape3D_svb3k"]
radius = 2.4835818

[node name="NpcDummySitting" type="CharacterBody3D"]
collision_layer = 32
collision_mask = 0
script = ExtResource("1_dwd6t")

[node name="CollisionShape3D" type="CollisionShape3D" parent="."]
transform = Transform3D(1, 0, 0, 0, 1, 0, 0, 0, 1, 0, 1.2341309, 0)
shape = SubResource("CapsuleShape3D_dwd6t")

[node name="Dummy" parent="." node_paths=PackedStringArray("animationTree") instance=ExtResource("1_svb3k")]
animationTree = NodePath("AnimationTree")

[node name="Skeleton3D" parent="Dummy/Rig" index="0"]
bones/0/rotation = Quaternion(0, 1.19209275e-07, 0, 1)
bones/1/position = Vector3(9.462559e-08, 0.48128262, -0.39688855)
bones/1/rotation = Quaternion(-0.05233592, 0.0012066803, -6.324933e-05, 0.9986288)
bones/2/rotation = Quaternion(0.02291409, -5.9375296e-11, 5.5381453e-05, 0.99973744)
bones/3/rotation = Quaternion(0.05232856, 0.00013326232, 0.0030365295, 0.99862534)
bones/4/position = Vector3(0.21200736, 0.13413233, 8.4097145e-08)
bones/4/rotation = Quaternion(-0.34078014, -0.16701655, -0.79132414, 0.47935444)
bones/5/rotation = Quaternion(6.081775e-08, -5.354386e-08, -0.50913614, 0.860686)
bones/7/rotation = Quaternion(-0.14343527, -0.41743702, -0.16832647, 0.8813846)
bones/8/position = Vector3(-2.9288476e-08, 0.0961251, -0.057500057)
bones/8/rotation = Quaternion(0.12751268, -0.0059294268, -0.50201166, 0.85538864)
bones/9/position = Vector3(-0.21200736, 0.13413234, 7.902129e-08)
bones/9/rotation = Quaternion(-0.4918875, 0.1191499, 0.7371687, 0.44769675)
bones/10/rotation = Quaternion(2.0818446e-08, 6.042399e-08, 0.61574614, 0.7879447)
bones/12/rotation = Quaternion(-0.029901117, -0.048875794, 0.13333629, 0.98941326)
bones/13/position = Vector3(3.2114436e-09, 0.09612512, -0.05749999)
bones/13/rotation = Quaternion(0.16718681, 0.2733922, 0.46581906, 0.8248139)
bones/14/rotation = Quaternion(-0.010326621, -0.04650755, -0.013952393, 0.99876714)
bones/15/position = Vector3(0.14728987, 0.08435907, 0.02277348)
bones/15/rotation = Quaternion(0.75809884, 0.0147020845, -0.13112728, 0.6386514)
bones/16/rotation = Quaternion(0.5896323, 6.0159216e-08, -4.101138e-07, 0.80767184)
bones/17/rotation = Quaternion(-0.62060446, 0.09371696, -0.016651308, 0.7783251)
bones/18/rotation = Quaternion(-3.4937682e-05, 0.9201413, -0.39158675, 7.91492e-06)
bones/19/position = Vector3(-0.14905041, 0.08431739, 0.023280699)
bones/19/rotation = Quaternion(0.76342237, -0.037992653, 0.07594453, 0.64029306)
bones/20/rotation = Quaternion(0.59248626, -7.108396e-08, 4.1668468e-07, 0.8055807)
bones/21/rotation = Quaternion(-0.6253612, -0.027268382, 0.010632403, 0.77978647)
bones/22/rotation = Quaternion(-5.050291e-06, 0.9201402, -0.3915891, 1.1913465e-06)
bones/23/position = Vector3(0.30971888, 0.7759252, 0.21473837)
bones/23/rotation = Quaternion(0.7058835, 0.041574772, -0.041575056, 0.7058835)
bones/24/position = Vector3(0.21750778, 0.025990268, 0.24423331)
bones/24/rotation = Quaternion(-0.7058835, 0.04157494, 0.041574933, 0.7058835)
bones/25/position = Vector3(3.7862264e-09, 0.3512491, 0.22588004)
bones/25/rotation = Quaternion(4.5764756e-09, 0.39578286, 0.91834414, -6.909899e-10)
bones/26/position = Vector3(-1.4247597e-08, 0.21343616, -1.42293315e-08)
bones/26/rotation = Quaternion(-1.0612938e-07, 0.39108434, 0.92035484, -3.2435327e-08)
bones/27/position = Vector3(-2.7595792e-09, 0.16565003, -2.5801338e-08)
bones/28/rotation = Quaternion(1, -1.12534825e-11, 1.947308e-07, 2.0736482e-10)
bones/30/position = Vector3(-0.2554088, 0.7759252, 0.21092916)
bones/30/rotation = Quaternion(0.7071068, -3.82385e-08, 1.4500867e-07, 0.7071068)
bones/31/position = Vector3(-0.23306775, 0.025990268, 0.2428165)
bones/31/rotation = Quaternion(-0.7053473, -0.049851958, -0.04985195, 0.7053473)
bones/32/position = Vector3(8.462284e-09, 0.35124913, 0.22588004)
bones/32/rotation = Quaternion(1.2711033e-09, 0.3957829, 0.9183441, -5.661451e-09)
bones/33/position = Vector3(-2.5673602e-08, 0.21343614, 3.2650327e-08)
bones/33/rotation = Quaternion(-1.035365e-07, 0.39108434, 0.92035484, -2.9330488e-08)
bones/34/position = Vector3(1.3611778e-10, 0.16565003, -1.4052409e-08)
bones/35/rotation = Quaternion(1, 2.185228e-11, 1.9466441e-07, -5.8207647e-11)
bones/37/position = Vector3(1.3427927, 1.0675246, -0.9267139)
bones/37/rotation = Quaternion(-0.7071068, -7.279511e-08, -7.279509e-08, 0.7071068)
bones/38/position = Vector3(0.4635702, 0.8524891, -0.3126634)
bones/38/rotation = Quaternion(-0.5363867, -0.17693245, -0.779217, -0.27167067)
bones/39/position = Vector3(-0.88333833, 0.9068636, -0.9267144)
bones/39/rotation = Quaternion(-0.7071068, -7.279511e-08, -7.279509e-08, 0.7071068)
bones/40/position = Vector3(-0.41836184, 0.8615522, -0.31689534)
bones/40/rotation = Quaternion(-0.22929737, 0.38462374, 0.8757166, -0.18057664)

[node name="head" parent="Dummy/Rig/Skeleton3D" index="0"]
transform = Transform3D(0.99569803, 0.02297789, -0.08976335, -0.02524824, 0.9993872, -0.024239454, 0.08915138, 0.026401564, 0.9956682, -0.0015585254, 1.3150562, -0.42670947)
visible = true

[node name="chest" parent="Dummy/Rig/Skeleton3D" index="1"]
transform = Transform3D(0.9999787, -0.005798149, 0.0029876241, 0.005928924, 0.9989329, -0.045800425, -0.0027188784, 0.045817185, 0.99894625, -2.9496623e-09, 1.0465465, -0.43902498)
visible = true

[node name="Dummy_ArmLeft" parent="Dummy/Rig/Skeleton3D" index="2"]
visible = true

[node name="Dummy_ArmRight" parent="Dummy/Rig/Skeleton3D" index="3"]
visible = true

[node name="Dummy_Body" parent="Dummy/Rig/Skeleton3D" index="4"]
visible = true

[node name="Dummy_Head" parent="Dummy/Rig/Skeleton3D" index="5"]
visible = true

[node name="Dummy_LegLeft" parent="Dummy/Rig/Skeleton3D" index="6"]
visible = true

[node name="Dummy_LegRight" parent="Dummy/Rig/Skeleton3D" index="7"]
visible = true

[node name="BoneAttachment3D" parent="Dummy/Rig/Skeleton3D" index="8"]
transform = Transform3D(-0.06566842, 0.34639126, -0.9357885, -0.9289546, 0.32118186, 0.18407762, 0.3643212, 0.88139343, 0.30069083, -0.3820899, 0.7130767, -0.2279748)

[node name="Physical Bone root" parent="Dummy/Rig/Skeleton3D/PhysicalBoneSimulator3D" index="0"]
transform = Transform3D(0.9659258, -0.25881907, -3.846098e-09, -1.5694203e-08, -4.3711378e-08, -1, 0.25881907, 0.9659258, -4.628391e-08, 0, 0, 0)
body_offset = Transform3D(0.96592575, -0.2588193, -3.846088e-09, -1.5694203e-08, -4.3711378e-08, -1, 0.2588193, 0.96592575, -4.6283905e-08, 0, 0, 0)

[node name="Physical Bone hips" parent="Dummy/Rig/Skeleton3D/PhysicalBoneSimulator3D" index="1"]
transform = Transform3D(0.9999971, 0.0024168452, 2.0382815e-09, -0.0002526271, 0.10452817, -0.9945219, -0.0024036057, 0.994519, 0.10452848, -4.3849324e-10, 0.5767455, -0.4069221)
joint_offset = Transform3D(1, 0, 0, 0, 1, 0, 0, 0, 1, 2.4909255e-10, -1.4303433e-09, 0.095988706)
body_offset = Transform3D(0.99999994, -6.3795596e-08, -3.2014214e-09, -3.1141099e-09, 0, -0.9999998, 6.3795596e-08, 0.9999999, 1.4901161e-08, 5.820766e-11, 0.09598869, 0)

[node name="Physical Bone spine" parent="Dummy/Rig/Skeleton3D/PhysicalBoneSimulator3D" index="2"]
transform = Transform3D(0.99999714, 0.0024113012, 7.8482243e-10, -0.00014191095, 0.0588526, -0.9982667, -0.0024071215, 0.99826384, 0.05885277, -1.12955005e-08, 0.8590412, -0.42794916)
joint_offset = Transform3D(1, 0, 0, 0, 1, 0, 0, 0, 1, 6.125015e-08, -2.1189437e-05, 0.18715595)
body_offset = Transform3D(1, -5.607959e-06, -2.8958311e-09, -2.8376235e-09, -6.3702464e-07, -1.0000001, 5.6081917e-06, 1.0000001, -6.3702464e-07, -6.0827006e-08, 0.18715596, 2.130866e-05)

[node name="Physical Bone chest" parent="Dummy/Rig/Skeleton3D/PhysicalBoneSimulator3D" index="3"]
transform = Transform3D(0.0029876265, -0.5405252, -0.84132254, -0.045800455, 0.8403694, -0.54007554, 0.9989462, 0.040146496, -0.02224559, 0.10651512, 1.1144589, -0.43624526)
joint_offset = Transform3D(1, 0, 0, 0, 1, 0, 0, 0, 1, 1.54078e-05, 0.0003909357, 0.12635326)
body_offset = Transform3D(2.3283064e-09, -0.53564036, -0.84444624, -3.3527613e-08, 0.8444463, -0.5356404, 0.99999994, 3.7252903e-09, 0, 0.10690794, 0.06734979, -1.54078e-05)

[node name="Physical Bone upperarm_l" parent="Dummy/Rig/Skeleton3D/PhysicalBoneSimulator3D" index="4"]
transform = Transform3D(-0.30181366, 0.37811413, -0.875179, -0.67789704, 0.56035495, 0.475876, 0.67034626, 0.7369072, 0.08719966, 0.31741208, 1.1240139, -0.44395998)
joint_offset = Transform3D(1, 0, 0, 0, 1, 0, 0, 0, 1, -7.79174e-05, -3.3546057e-05, 0.121344075)
body_offset = Transform3D(1.0000002, -0.0004989207, 0.00038753822, 0.00038764998, 6.455183e-05, -1.0000004, 0.0004988611, 1.0000001, 6.482005e-05, 3.0875206e-05, 0.12134415, 2.5719404e-05)

[node name="Physical Bone lowerarm_l" parent="Dummy/Rig/Skeleton3D/PhysicalBoneSimulator3D" index="5"]
transform = Transform3D(-0.91270256, 0.37763262, -0.15610126, 0.090908386, 0.5600949, 0.82342535, 0.3983838, 0.7373516, -0.54552996, 0.44334844, 0.95924824, -0.38326004)
joint_offset = Transform3D(1, 0, 0, 0, 1, 0, 0, 0, 1, 4.8370846e-05, -8.898651e-05, 0.13045728)
body_offset = Transform3D(1.0000002, 0.00029623508, -0.00037194788, -0.00037185848, -2.488494e-05, -1.0000004, -0.00029617548, 1, -2.4586916e-05, 1.7881393e-07, 0.13045734, 9.2208385e-05)

[node name="Physical Bone wrist_l" parent="Dummy/Rig/Skeleton3D/PhysicalBoneSimulator3D" index="6"]
transform = Transform3D(-0.9028054, 0.37811768, -0.20486437, 0.0468881, 0.56008035, 0.8271104, 0.42748556, 0.737114, -0.52337277, 0.47117722, 0.8218793, -0.2932492)
joint_offset = Transform3D(1, 0, 0, 0, 1, 0, 0, 0, 1, -7.025153e-06, -3.40198e-05, 0.03702729)
body_offset = Transform3D(1.0000004, -0.00024574995, -4.4703484e-07, -3.2782555e-07, -5.3584576e-05, -1.0000004, 0.00024574995, 1.0000001, -5.3465366e-05, 7.033348e-06, 0.0370273, 3.6001205e-05)

[node name="Physical Bone hand_l" parent="Dummy/Rig/Skeleton3D/PhysicalBoneSimulator3D" index="7"]
transform = Transform3D(-0.27654648, 0.6803065, 0.67875266, 0.61346954, -0.4186875, 0.6695939, 0.7397143, 0.6015679, -0.3015607, 0.44056678, 0.753853, -0.25710696)
joint_offset = Transform3D(1, 0, 0, 0, 1, 0, 0, 0, 1, -1.228762e-05, 4.3470412e-05, 0.056144446)
body_offset = Transform3D(1.0000001, -0.0002810359, -0.00037012994, -0.00017350912, 0.512928, -0.85843223, 0.00043088198, 0.858432, 0.5129278, 3.3080578e-05, 0.048173904, -0.028835356)

[node name="Physical Bone upperarm_r" parent="Dummy/Rig/Skeleton3D/PhysicalBoneSimulator3D" index="8"]
transform = Transform3D(-0.12220933, -0.6205258, 0.77460486, 0.58101636, 0.5880183, 0.56272066, -0.8046645, 0.5188278, 0.28867432, -0.30669248, 1.1111438, -0.4672849)
joint_offset = Transform3D(1, 0, 0, 0, 1, 0, 0, 0, 1, -3.814979e-05, -6.0577233e-05, 0.121183924)
body_offset = Transform3D(0.99999785, -0.0022309124, -4.4375658e-05, -4.3988228e-05, 0.00022317469, -1.0000004, 0.0022310615, 0.9999977, 0.00022317469, 4.339218e-05, 0.12118399, 3.361702e-05)

[node name="Physical Bone lowerarm_r" parent="Dummy/Rig/Skeleton3D/PhysicalBoneSimulator3D" index="9"]
transform = Transform3D(-0.7813828, -0.6201015, 0.070107155, -0.40526423, 0.58965313, 0.6986202, -0.47455433, 0.51747787, -0.7120498, -0.40920022, 0.9520752, -0.4093991)
joint_offset = Transform3D(1, 0, 0, 0, 1, 0, 0, 0, 1, 2.423609e-05, 0.00016517892, 0.1302869)
body_offset = Transform3D(1.0000001, -0.0006765723, -0.00021901727, -0.00021892786, 8.571148e-05, -1.0000004, 0.0006766468, 0.9999999, 8.5771084e-05, 4.4107437e-06, 0.13028693, -0.00017637014)

[node name="Physical Bone wrist_r" parent="Dummy/Rig/Skeleton3D/PhysicalBoneSimulator3D" index="10"]
transform = Transform3D(-0.77655876, -0.62006235, 0.11171034, -0.36730948, 0.5896096, 0.71933603, -0.5118986, 0.5175744, -0.6856213, -0.4224994, 0.83489865, -0.2915286)
joint_offset = Transform3D(1, 0, 0, 0, 1, 0, 0, 0, 1, 2.5675204e-06, 3.536267e-05, 0.03701978)
body_offset = Transform3D(1.0000002, -0.0007441044, -0.00036731362, -0.0003670156, 0.00014269352, -1.0000004, 0.0007442236, 0.9999999, 0.00014278293, 1.1056662e-05, 0.03701979, -4.0650368e-05)

[node name="Physical Bone hand_r" parent="Dummy/Rig/Skeleton3D/PhysicalBoneSimulator3D" index="11"]
transform = Transform3D(-0.8295666, -0.3917774, -0.39790663, -0.4926989, 0.17817238, 0.8517643, -0.262806, 0.9026434, -0.3408342, -0.40436563, 0.7606064, -0.24703127)
joint_offset = Transform3D(1, 0, 0, 0, 1, 0, 0, 0, 1, -6.231953e-05, -0.00010932796, 0.056167237)
body_offset = Transform3D(1.0000005, 0.00029705465, -6.3970685e-05, -0.00020764768, 0.51422626, -0.85765505, -0.0002220124, 0.8576546, 0.5142263, 6.594509e-05, 0.048228323, -0.028788924)

[node name="Physical Bone upperleg_l" parent="Dummy/Rig/Skeleton3D/PhysicalBoneSimulator3D" index="12"]
transform = Transform3D(0.9646501, -0.18039756, -0.192112, -0.16739105, -0.9824709, 0.082043655, -0.20354491, -0.046985585, -0.9779376, 0.16915661, 0.55820763, -0.27237803)
joint_offset = Transform3D(1, 0, 0, 0, 1, 0, 0, 0, 1, 2.05639e-08, -9.175004e-08, 0.11353877)
body_offset = Transform3D(1, -3.8184226e-08, -9.685755e-07, -1.013279e-06, 2.0116568e-07, -1, 4.656613e-08, 0.99999946, 2.8312206e-07, 8.940697e-08, 0.11353877, 5.9604645e-08)

[node name="Physical Bone lowerleg_l" parent="Dummy/Rig/Skeleton3D/PhysicalBoneSimulator3D" index="13"]
transform = Transform3D(0.9646503, -0.23793943, 0.11329058, -0.16739048, -0.22118361, 0.9607592, -0.20354448, -0.94576037, -0.25319365, 0.18250361, 0.47710603, -0.14242604)
joint_offset = Transform3D(1, 0, 0, 0, 1, 0, 0, 0, 1, 4.052826e-08, -1.0987509e-07, 0.07471852)
body_offset = Transform3D(0.99999994, 1.4901161e-08, 5.5879354e-08, 3.7252903e-09, -2.0861626e-07, -0.9999994, 0, 0.99999994, 7.4505806e-08, -4.4703484e-08, 0.074718475, 1.0430813e-07)

[node name="Physical Bone foot_l" parent="Dummy/Rig/Skeleton3D/PhysicalBoneSimulator3D" index="14"]
transform = Transform3D(0.99307925, 0.00109728, -0.11744093, -4.4889742e-07, -0.99995637, -0.009346638, -0.11744605, 0.009282005, -0.9930359, 0.183766, 0.40609348, -0.041259564)
joint_offset = Transform3D(1, 0, 0, 0, 1, 0, 0, 0, 1, -2.1170175e-07, -1.2306619e-07, 0.08282494)
body_offset = Transform3D(0.9999999, 1.648441e-07, 3.7252903e-08, 0, 9.5926225e-08, -1.0000001, 0, 0.9999996, 4.656613e-08, 2.0861626e-07, 0.082824945, 1.1920929e-07)

[node name="Physical Bone upperleg_r" parent="Dummy/Rig/Skeleton3D/PhysicalBoneSimulator3D" index="15"]
transform = Transform3D(0.9859737, 0.06688979, 0.1529104, 0.055981964, -0.9956437, 0.07456423, 0.15723182, -0.064958155, -0.9854231, -0.16635525, 0.55914325, -0.2703071)
joint_offset = Transform3D(1, 0, 0, 0, 1, 0, 0, 0, 1, 2.9334254e-07, -5.635603e-08, 0.113538764)
body_offset = Transform3D(0.9999999, -5.1353127e-06, -2.8461218e-06, -2.8461218e-06, 2.0340085e-06, -1.0000001, 5.1315874e-06, 0.9999997, 2.0712614e-06, 2.9802322e-08, 0.11353877, -1.7881393e-07)

[node name="Physical Bone lowerleg_r" parent="Dummy/Rig/Skeleton3D/PhysicalBoneSimulator3D" index="16"]
transform = Transform3D(0.9859605, 0.16592936, -0.018693814, 0.056381203, -0.22544289, 0.9726236, 0.15717243, -0.9600224, -0.23163305, -0.18234223, 0.4779988, -0.14112124)
joint_offset = Transform3D(1, 0, 0, 0, 1, 0, 0, 0, 1, 2.2930953e-05, -2.2645604e-06, 0.07472189)
body_offset = Transform3D(0.9999999, 3.054738e-05, -0.00039901584, -0.00039901957, 2.7865171e-06, -0.9999996, -3.056228e-05, 1, 2.9951334e-06, 6.8843365e-06, 0.07472187, 2.041459e-06)

[node name="Physical Bone foot_r" parent="Dummy/Rig/Skeleton3D/PhysicalBoneSimulator3D" index="17"]
transform = Transform3D(0.9900604, -0.0013102349, 0.14063698, 2.9646582e-08, -0.99995667, -0.009316236, 0.14064309, 0.009223641, -0.9900174, -0.19263078, 0.40609896, -0.04182058)
joint_offset = Transform3D(1, 0, 0, 0, 1, 0, 0, 0, 1, 5.1157616e-07, -2.7334018e-08, 0.08282507)
body_offset = Transform3D(1.0000001, -1.7567072e-07, -5.9604645e-08, -2.9802322e-08, -9.313226e-10, -1.0000001, 1.2747478e-07, 0.9999997, -2.9802322e-08, -5.066395e-07, 0.08282508, 2.9802322e-08)

[node name="Physical Bone head" parent="Dummy/Rig/Skeleton3D/PhysicalBoneSimulator3D" index="18"]
transform = Transform3D(0.9956981, 0.022977538, -0.089762636, -0.025248053, 0.99938726, -0.024241468, 0.08915063, 0.026403517, 0.9956681, -0.0015585254, 1.3150562, -0.42670947)
body_offset = Transform3D(1, -1.7578714e-07, 7.599592e-07, 1.6903505e-07, 1.0000001, -1.9930303e-06, -7.599592e-07, 1.9725412e-06, 0.99999994, 0, 0, 0)

[node name="AnimationTree" type="AnimationTree" parent="Dummy"]
tree_root = SubResource("AnimationNodeBlendTree_k0m3b")
anim_player = NodePath("../AnimationPlayer")

[node name="Area3D" type="Area3D" parent="."]
collision_mask = 2

[node name="CollisionShape3D" type="CollisionShape3D" parent="Area3D"]
transform = Transform3D(1, 0, 0, 0, 1, 0, 0, 0, 1, 0, 1.4936354, 1.6720786)
shape = SubResource("SphereShape3D_svb3k")

[connection signal="body_entered" from="Area3D" to="." method="_on_area_3d_body_entered"]
[connection signal="body_exited" from="Area3D" to="." method="_on_area_3d_body_exited"]

[editable path="Dummy"]
[editable path="Dummy/Rig/Skeleton3D/BoneAttachment3D/pointer/pew"]
[editable path="Dummy/Rig/Skeleton3D/BoneAttachment3D/pointer/Gun_Pistol"]
