[gd_scene load_steps=20 format=3 uid="uid://dxnl4jurpfddl"]

[ext_resource type="Script" uid="uid://34cxhmcvug2m" path="res://entities/npc/npc_dummy.gd" id="1_wfx4m"]
[ext_resource type="PackedScene" uid="uid://btlcpec1pk0f4" path="res://entities/enemy/dummy.tscn" id="2_kfvlc"]
[ext_resource type="PackedScene" uid="uid://c6vlhijuot8ks" path="res://environment/dialogue_box.tscn" id="3_k0m3b"]

[sub_resource type="CapsuleShape3D" id="CapsuleShape3D_dwd6t"]
radius = 0.47802734
height = 2.4682617

[sub_resource type="AnimationNodeAnimation" id="AnimationNodeAnimation_wfx4m"]
animation = &"Idle"

[sub_resource type="AnimationNodeAnimation" id="AnimationNodeAnimation_k0m3b"]
animation = &"Sit_Chair_Down"

[sub_resource type="AnimationNodeAnimation" id="AnimationNodeAnimation_kr2yx"]
animation = &"Sit_Chair_Idle"

[sub_resource type="AnimationNodeAnimation" id="AnimationNodeAnimation_p43ok"]
animation = &"Sit_Chair_StandUp"

[sub_resource type="AnimationNodeAnimation" id="AnimationNodeAnimation_kfvlc"]
animation = &"Walking_C"

[sub_resource type="AnimationNodeStateMachineTransition" id="AnimationNodeStateMachineTransition_kfvlc"]
advance_mode = 2

[sub_resource type="AnimationNodeStateMachineTransition" id="AnimationNodeStateMachineTransition_k0m3b"]

[sub_resource type="AnimationNodeStateMachineTransition" id="AnimationNodeStateMachineTransition_p43ok"]

[sub_resource type="AnimationNodeStateMachineTransition" id="AnimationNodeStateMachineTransition_r8m0f"]
switch_mode = 2
advance_mode = 2

[sub_resource type="AnimationNodeStateMachineTransition" id="AnimationNodeStateMachineTransition_ixa2p"]

[sub_resource type="AnimationNodeStateMachineTransition" id="AnimationNodeStateMachineTransition_wfx4m"]
switch_mode = 2
advance_mode = 2

[sub_resource type="AnimationNodeStateMachineTransition" id="AnimationNodeStateMachineTransition_o4qnk"]

[sub_resource type="AnimationNodeStateMachine" id="AnimationNodeStateMachine_kfvlc"]
states/End/position = Vector2(1039, 100)
states/Idle/node = SubResource("AnimationNodeAnimation_wfx4m")
states/Idle/position = Vector2(436, 100)
states/Sit_Chair_Down/node = SubResource("AnimationNodeAnimation_k0m3b")
states/Sit_Chair_Down/position = Vector2(436, 279)
states/Sit_Chair_Idle/node = SubResource("AnimationNodeAnimation_kr2yx")
states/Sit_Chair_Idle/position = Vector2(610, 279)
states/Sit_Chair_StandUp/node = SubResource("AnimationNodeAnimation_p43ok")
states/Sit_Chair_StandUp/position = Vector2(610, 189)
states/Walking_C/node = SubResource("AnimationNodeAnimation_kfvlc")
states/Walking_C/position = Vector2(624, 100)
transitions = ["Start", "Idle", SubResource("AnimationNodeStateMachineTransition_kfvlc"), "Idle", "Walking_C", SubResource("AnimationNodeStateMachineTransition_k0m3b"), "Idle", "Sit_Chair_Down", SubResource("AnimationNodeStateMachineTransition_p43ok"), "Sit_Chair_Down", "Sit_Chair_Idle", SubResource("AnimationNodeStateMachineTransition_r8m0f"), "Sit_Chair_Idle", "Sit_Chair_StandUp", SubResource("AnimationNodeStateMachineTransition_ixa2p"), "Sit_Chair_StandUp", "Idle", SubResource("AnimationNodeStateMachineTransition_wfx4m"), "Walking_C", "Idle", SubResource("AnimationNodeStateMachineTransition_o4qnk")]
graph_offset = Vector2(-94, 30)

[sub_resource type="AnimationNodeBlendTree" id="AnimationNodeBlendTree_k0m3b"]
graph_offset = Vector2(-448, 64)
nodes/MovementStateMachine/node = SubResource("AnimationNodeStateMachine_kfvlc")
nodes/MovementStateMachine/position = Vector2(-240, 140)
node_connections = [&"output", 0, &"MovementStateMachine"]

[sub_resource type="SphereShape3D" id="SphereShape3D_svb3k"]
radius = 2.4835818

[node name="NpcDummy" type="CharacterBody3D" node_paths=PackedStringArray("dialogue_box", "area_col", "navigation_agent")]
collision_layer = 32
collision_mask = 32
safe_margin = 0.5
script = ExtResource("1_wfx4m")
dialogue_box = NodePath("DialogueBox")
area_col = NodePath("Area3D/CollisionShape3D")
navigation_agent = NodePath("NavigationAgent3D")

[node name="CollisionShape3D" type="CollisionShape3D" parent="."]
transform = Transform3D(1, 0, 0, 0, 1, 0, 0, 0, 1, 0, 1.2341309, 0)
shape = SubResource("CapsuleShape3D_dwd6t")

[node name="Dummy" parent="." node_paths=PackedStringArray("animationTree") instance=ExtResource("2_kfvlc")]
transform = Transform3D(-1, 0, -8.742278e-08, 0, 1, 0, 8.742278e-08, 0, -1, 0, 0, 0)
animationTree = NodePath("AnimationTree")

[node name="Skeleton3D" parent="Dummy/Rig" index="0"]
bones/0/rotation = Quaternion(0, 1.19209275e-07, 0, 1)
bones/1/position = Vector3(0, 0.38734525, 0)
bones/1/rotation = Quaternion(-1.11122646e-10, 0.043157756, 2.57241e-09, 0.9990683)
bones/2/rotation = Quaternion(-1.2390451e-17, 7.1054274e-15, -1.1209479e-16, 1)
bones/3/rotation = Quaternion(-5.451663e-18, -4.2351647e-22, -1.120948e-16, 1)
bones/4/position = Vector3(0.21200736, 0.13413203, 7.958496e-08)
bones/4/rotation = Quaternion(-0.5562805, -0.06279376, -0.65289545, 0.5102319)
bones/5/rotation = Quaternion(2.3392124e-08, -5.2635453e-08, -0.47991723, 0.87731385)
bones/7/rotation = Quaternion(-0.31829023, -0.32594484, 0.1377908, 0.8794686)
bones/8/position = Vector3(9.699541e-11, 0.09612522, -0.05750002)
bones/8/rotation = Quaternion(0.0012053999, 0.0012053893, -0.7026677, 0.71151626)
bones/9/position = Vector3(-0.21200739, 0.13413203, 8.3162696e-08)
bones/9/rotation = Quaternion(-0.61529964, 0.0826994, 0.6259515, 0.47196603)
bones/10/rotation = Quaternion(2.4817462e-08, 6.4904086e-08, 0.50381625, 0.86381084)
bones/12/rotation = Quaternion(-0.31662315, 0.30028534, -0.21938759, 0.87260973)
bones/13/position = Vector3(-1.0718092e-09, 0.096125156, -0.057500023)
bones/13/rotation = Quaternion(0.0024025675, 0.0028298683, 0.7046075, 0.7095877)
bones/14/rotation = Quaternion(-5.80608e-11, -0.031341746, -1.880125e-09, 0.99950874)
bones/15/position = Vector3(0.17094505, 0.11358728, 1.0396902e-08)
bones/15/rotation = Quaternion(0.9931747, 0.08325967, 0.07503805, 0.032267038)
bones/16/rotation = Quaternion(0.25112548, 6.481037e-08, -1.7061443e-07, 0.9679546)
bones/17/rotation = Quaternion(-0.54641986, -0.20772104, 0.052207183, 0.80966145)
bones/18/rotation = Quaternion(6.0906048e-05, 0.92021215, -0.39141998, -1.3729161e-05)
bones/19/position = Vector3(-0.17094505, 0.11358728, 1.499408e-08)
bones/19/rotation = Quaternion(0.99620557, -0.030350668, 0.031104205, 0.07540434)
bones/20/rotation = Quaternion(0.31609723, -6.3712676e-08, 2.1988782e-07, 0.94872683)
bones/21/rotation = Quaternion(-0.58142895, 0.11419603, -0.012165779, 0.80545115)
bones/22/rotation = Quaternion(-8.9349276e-05, 0.9202217, -0.39139766, 2.0291838e-05)
bones/23/position = Vector3(0.17094491, 0.2923103, 0.5758125)
bones/23/rotation = Quaternion(0.7071068, -2.2930234e-07, -4.6055156e-08, 0.7071068)
bones/24/position = Vector3(0.20218208, 0.025990263, 0.20518115)
bones/24/rotation = Quaternion(-0.7071068, -7.052851e-08, -7.0528486e-08, 0.7071068)
bones/25/position = Vector3(2.5596094e-08, 0.36283267, -2.4286129e-15)
bones/25/rotation = Quaternion(9.6579225e-09, 1.7795516e-09, 0.98571914, -0.1683977)
bones/26/position = Vector3(-1.5574136e-08, 0.21343614, -1.0534966e-08)
bones/26/rotation = Quaternion(-1.02578326e-07, 0.39108434, 0.92035484, -3.295464e-08)
bones/27/position = Vector3(2.5820137e-09, 0.16565005, -1.960292e-08)
bones/28/rotation = Quaternion(1, 1.0206753e-09, 1.9196605e-07, 1.0244548e-08)
bones/30/position = Vector3(-0.17094518, 0.2923103, 0.5758124)
bones/30/rotation = Quaternion(0.7071068, -3.82385e-08, 1.4500867e-07, 0.7071068)
bones/31/position = Vector3(-0.1709451, 0.025990263, 0.2457893)
bones/31/rotation = Quaternion(-0.7071068, -7.0528515e-08, -7.05285e-08, 0.7071068)
bones/32/position = Vector3(2.4015051e-08, 0.36283267, 2.4286129e-15)
bones/32/rotation = Quaternion(-5.8358944e-09, 6.4383693e-10, 0.9948094, 0.10175614)
bones/33/position = Vector3(5.9619847e-09, 0.21343614, -3.9266137e-09)
bones/33/rotation = Quaternion(-1.0060663e-07, 0.39108434, 0.92035484, -2.8069156e-08)
bones/34/position = Vector3(1.9620735e-08, 0.16565004, 2.8212537e-09)
bones/35/rotation = Quaternion(1, -4.058572e-09, 1.907939e-07, -6.519259e-09)
bones/37/position = Vector3(0.45350748, 1.1067611, -0.5888594)
bones/37/rotation = Quaternion(-0.7071068, -7.279511e-08, -7.279509e-08, 0.7071068)
bones/38/position = Vector3(0.5208407, 0.77769357, -0.057637356)
bones/38/rotation = Quaternion(-0.7946268, 1.2665987e-07, -0.60709834, 2.2351742e-08)
bones/39/position = Vector3(-0.45350718, 1.1067611, -0.5888596)
bones/39/rotation = Quaternion(-0.7071068, -7.279511e-08, -7.279509e-08, 0.7071068)
bones/40/position = Vector3(-0.5108437, 0.77769345, 0.059736915)
bones/40/rotation = Quaternion(-0.7582528, -1.0803343e-07, 0.6519608, 4.842878e-08)

[node name="head" parent="Dummy/Rig/Skeleton3D" index="0"]
transform = Transform3D(0.9997204, -1.4014344e-09, 0.023646597, 1.3934143e-09, 0.99999994, 3.5568645e-10, -0.023646597, -3.2263747e-10, 0.9997204, -4.303854e-09, 1.2231072, 1.5463912e-15)
visible = true

[node name="chest" parent="Dummy/Rig/Skeleton3D" index="1"]
transform = Transform3D(0.9962748, -5.1496163e-09, 0.08623532, 5.130434e-09, 0.99999994, 4.440771e-10, -0.08623532, 1.8196805e-15, 0.9962748, -2.9196552e-09, 0.9543107, 1.0572674e-15)
visible = true

[node name="Dummy_ArmLeft" parent="Dummy/Rig/Skeleton3D" index="2"]
visible = true

[node name="Dummy_ArmRight" parent="Dummy/Rig/Skeleton3D" index="3"]
visible = true

[node name="Dummy_Body" parent="Dummy/Rig/Skeleton3D" index="4"]
visible = true

[node name="Dummy_Head" parent="Dummy/Rig/Skeleton3D" index="5"]
visible = true

[node name="Dummy_LegLeft" parent="Dummy/Rig/Skeleton3D" index="6"]
visible = true

[node name="Dummy_LegRight" parent="Dummy/Rig/Skeleton3D" index="7"]
visible = true

[node name="BoneAttachment3D" parent="Dummy/Rig/Skeleton3D" index="8"]
transform = Transform3D(0.0016819543, -0.15720293, -0.98756474, -0.99997455, -0.007044664, -0.0005814509, -0.0068657915, 0.9875408, -0.1572107, -0.4910639, 0.62963635, 0.10553088)

[node name="Physical Bone root" parent="Dummy/Rig/Skeleton3D/PhysicalBoneSimulator3D" index="0"]
transform = Transform3D(0.96592665, -0.2588161, -1.00753894e-07, -1.0430813e-07, -3.9435122e-13, -1, 0.2588161, 0.96592665, -2.6997002e-08, 0, 0, 0)
body_offset = Transform3D(0.9659266, -0.25881633, -1.0075389e-07, -1.0430813e-07, -3.9435122e-13, -1, 0.25881633, 0.9659266, -2.6997023e-08, 0, 0, 0)

[node name="Physical Bone hips" parent="Dummy/Rig/Skeleton3D/PhysicalBoneSimulator3D" index="1"]
transform = Transform3D(0.9962749, 0.08623432, -2.6549958e-07, -2.6578752e-07, -8.142464e-09, -1, -0.08623432, 0.9962749, 1.4807875e-08, -1.0264492e-07, 0.4833327, -1.4794842e-10)
joint_offset = Transform3D(1, 0, 0, 0, 1, 0, 0, 0, 1, 1.2776205e-07, 9.780487e-09, 0.09598744)
body_offset = Transform3D(0.99999994, -9.983778e-07, -2.7091787e-07, -2.7091792e-07, -8.586534e-09, -1, 9.983778e-07, 0.99999994, -8.586805e-09, -1.0175732e-07, 0.09598744, -8.9563885e-09)

[node name="Physical Bone spine" parent="Dummy/Rig/Skeleton3D/PhysicalBoneSimulator3D" index="2"]
transform = Transform3D(0.9962753, 0.086229816, -3.8372482e-07, -2.629923e-07, -1.411485e-06, -1, -0.086229816, 0.9962753, -1.3835497e-06, 2.037628e-06, 0.76632506, 3.4911538e-13)
joint_offset = Transform3D(1, 0, 0, 0, 1, 0, 0, 0, 1, -1.981843e-06, 8.816103e-08, 0.1870023)
body_offset = Transform3D(1, -5.528331e-06, -2.681149e-07, -2.6812273e-07, -1.411929e-06, -1, 5.528331e-06, 1, -1.4119304e-06, 2.0319817e-06, 0.1870023, 1.7588415e-07)

[node name="Physical Bone chest" parent="Dummy/Rig/Skeleton3D/PhysicalBoneSimulator3D" index="3"]
transform = Transform3D(0.08623543, -0.53390455, -0.84113586, -1.9249842e-07, 0.84428096, -0.5359009, 0.9962748, 0.046213802, 0.07280682, 0.10695481, 1.0015758, -0.0092797745)
joint_offset = Transform3D(1, 0, 0, 0, 1, 0, 0, 0, 1, 2.1921293e-05, 0.017627481, 0.115968555)
body_offset = Transform3D(1.0430813e-07, -0.5359009, -0.84428096, -1.9294251e-07, 0.844281, -0.53590095, 1, 2.1979213e-07, -2.2351742e-08, 0.10735663, 0.047265112, -2.1922575e-05)

[node name="Physical Bone upperarm_l" parent="Dummy/Rig/Skeleton3D/PhysicalBoneSimulator3D" index="4"]
transform = Transform3D(0.19955818, 0.69563067, -0.6901265, -0.60160375, 0.64290595, 0.47407272, 0.77346593, 0.32057753, 0.54679114, 0.2976421, 1.0291898, -0.08705408)
joint_offset = Transform3D(1, 0, 0, 0, 1, 0, 0, 0, 1, 0.00029901715, 2.1137384e-05, 0.12533775)
body_offset = Transform3D(0.9999554, 0.0093226135, -0.0017109215, -0.0017339587, 0.0024679303, -0.9999957, -0.009318456, 0.9999536, 0.0024838746, -8.4757805e-05, 0.12533769, -0.0003296733)

[node name="Physical Bone lowerarm_l" parent="Dummy/Rig/Skeleton3D/PhysicalBoneSimulator3D" index="5"]
transform = Transform3D(-0.47142786, 0.6983875, -0.53852654, 0.08063863, 0.6422182, 0.76226854, 0.87821025, 0.31592855, -0.35907653, 0.45142165, 0.873031, -0.10289467)
joint_offset = Transform3D(1, 0, 0, 0, 1, 0, 0, 0, 1, 0.00058983534, -0.00093073235, 0.13370825)
body_offset = Transform3D(0.99998516, -0.00248608, -0.0048834085, -0.0048594177, 0.009547636, -0.9999429, 0.0025324523, 0.9999514, 0.009535387, 6.081164e-05, 0.13371238, -0.00034576654)

[node name="Physical Bone wrist_l" parent="Dummy/Rig/Skeleton3D/PhysicalBoneSimulator3D" index="6"]
transform = Transform3D(-0.4399213, 0.69320375, -0.57090974, 0.03588659, 0.64879346, 0.7601179, 0.89731896, 0.31390408, -0.31029475, 0.54262525, 0.7487841, -0.04573741)
joint_offset = Transform3D(1, 0, 0, 0, 1, 0, 0, 0, 1, -6.1637176e-05, -8.042145e-05, 0.038090724)
body_offset = Transform3D(0.9999996, -0.0012758076, -0.00021848083, -0.00021708012, 0.001080811, -0.9999999, 0.0012759268, 0.99999875, 0.0010806024, 6.9856644e-05, 0.038090795, 3.9339066e-05)

[node name="Physical Bone hand_l" parent="Dummy/Rig/Skeleton3D/PhysicalBoneSimulator3D" index="7"]
transform = Transform3D(0.2646341, 0.83360237, 0.48484617, 0.00022982393, -0.50282496, 0.8643883, 0.9643489, -0.22863516, -0.13325621, 0.5339054, 0.67540294, -0.026490945)
joint_offset = Transform3D(1, 0, 0, 0, 1, 0, 0, 0, 1, -0.00020857432, 0.0029467717, 0.05518002)
body_offset = Transform3D(0.9999987, -0.001398325, -0.0010812134, -0.00023127416, 0.5028008, -0.8644027, 0.0017520785, 0.8644017, 0.5027995, 0.00027235597, 0.04621607, -0.030291319)

[node name="Physical Bone upperarm_r" parent="Dummy/Rig/Skeleton3D/PhysicalBoneSimulator3D" index="8"]
transform = Transform3D(0.122951925, -0.67163426, 0.73060954, 0.48806137, 0.68193644, 0.5447558, -0.8641058, 0.28960353, 0.41164416, -0.3007177, 1.0222543, -0.032697123)
joint_offset = Transform3D(1, 0, 0, 0, 1, 0, 0, 0, 1, -0.00074370764, -0.00021115996, 0.12243157)
body_offset = Transform3D(0.9999819, -0.0028001815, 0.005402565, 0.0054078996, 0.0018910766, -0.99998397, 0.002790019, 0.9999944, 0.0019062087, 8.165836e-05, 0.12243402, -2.014637e-05)

[node name="Physical Bone lowerarm_r" parent="Dummy/Rig/Skeleton3D/PhysicalBoneSimulator3D" index="9"]
transform = Transform3D(-0.5774228, -0.66434646, 0.47458053, -0.22042133, 0.6865412, 0.6928749, -0.7861281, 0.29547405, -0.5428606, -0.45096946, 0.86500233, -0.009331526)
joint_offset = Transform3D(1, 0, 0, 0, 1, 0, 0, 0, 1, 0.0006331863, 0.00025761628, 0.13361824)
body_offset = Transform3D(0.9999454, -0.009585515, -0.0042493045, -0.0042499304, -5.2034855e-05, -0.9999913, 0.009585142, 0.9999541, -9.265542e-05, -6.28978e-05, 0.13361979, -0.00025129318)

[node name="Physical Bone wrist_r" parent="Dummy/Rig/Skeleton3D/PhysicalBoneSimulator3D" index="10"]
transform = Transform3D(-0.5647611, -0.6627357, 0.49175835, -0.2009904, 0.6884038, 0.6969241, -0.8004047, 0.29475692, -0.52198714, -0.52991146, 0.7510967, 0.078684926)
joint_offset = Transform3D(1, 0, 0, 0, 1, 0, 0, 0, 1, -0.00094169105, 8.7368186e-05, 0.03778365)
body_offset = Transform3D(0.99970883, -0.010225043, 0.021872133, 0.021842182, -0.0030423105, -0.9997572, 0.010289028, 0.99994314, -0.0028177053, 0.00011590123, 0.037795305, 2.8789043e-05)

[node name="Physical Bone hand_r" parent="Dummy/Rig/Skeleton3D/PhysicalBoneSimulator3D" index="11"]
transform = Transform3D(0.1502496, -0.8549141, -0.49653482, 0.00033200934, -0.5021925, 0.86475575, -0.9886481, -0.13009405, -0.075170375, -0.51866233, 0.6848011, 0.10131697)
joint_offset = Transform3D(1, 0, 0, 0, 1, 0, 0, 0, 1, -2.6297172e-05, 0.005011346, 0.05027647)
body_offset = Transform3D(1.0000004, 0.00047563016, -0.000108234584, -0.0003326342, 0.50218993, -0.8647578, -0.0003567487, 0.8647577, 0.50218976, 2.9355288e-05, 0.040960312, -0.029581934)

[node name="Physical Bone upperleg_l" parent="Dummy/Rig/Skeleton3D/PhysicalBoneSimulator3D" index="12"]
transform = Transform3D(0.98362386, 0.06800258, -0.16691248, 0.17057097, -0.052072503, 0.98396856, 0.058220845, -0.9963253, -0.06281903, 0.18782382, 0.39206865, -0.008044206)
joint_offset = Transform3D(1, 0, 0, 0, 1, 0, 0, 0, 1, 0.0009503607, -0.00018724236, 0.11046288)
body_offset = Transform3D(0.9999996, -0.0008322783, -0.00039525772, -0.0003949895, 0.00033791736, -1, 0.0008324012, 0.99999917, 0.00033756718, -0.00090685487, 0.11046332, 0.00014916249)

[node name="Physical Bone lowerleg_l" parent="Dummy/Rig/Skeleton3D/PhysicalBoneSimulator3D" index="13"]
transform = Transform3D(0.9833862, -0.023193827, -0.18003799, 0.1719161, 0.43741828, 0.88267213, 0.058279358, -0.89895904, 0.43413845, 0.22066253, 0.21142688, -0.032110516)
joint_offset = Transform3D(1, 0, 0, 0, 1, 0, 0, 0, 1, 0.00086679624, 0.0008178245, 0.07425467)
body_offset = Transform3D(0.9999981, -0.0014604926, -0.0011911038, -0.0011982992, -0.004926026, -0.99998707, 0.001454588, 0.9999864, -0.004927337, -0.00077715516, 0.074258775, -0.00045319647)

[node name="Physical Bone foot_l" parent="Dummy/Rig/Skeleton3D/PhysicalBoneSimulator3D" index="14"]
transform = Transform3D(0.94308746, -0.24063478, -0.22952324, -0.0025661655, -0.69544816, 0.7185717, -0.33253485, -0.67708695, -0.6564859, 0.2540304, 0.08535445, -0.009991143)
joint_offset = Transform3D(1, 0, 0, 0, 1, 0, 0, 0, 1, -1.3086221e-06, 7.452337e-05, 0.08338566)
body_offset = Transform3D(0.99999654, -0.0022077858, 0.001313433, 0.0013190508, 0.0024306178, -0.99999607, 0.0022043735, 0.9999944, 0.0024331212, -0.00010804832, 0.08338515, -0.00027740747)

[node name="Physical Bone upperleg_r" parent="Dummy/Rig/Skeleton3D/PhysicalBoneSimulator3D" index="15"]
transform = Transform3D(0.99825114, -0.02789535, 0.052120186, -0.055772785, -0.15213378, 0.986785, -0.019597473, -0.98796624, -0.15342352, -0.17624742, 0.38998345, 0.031622242)
joint_offset = Transform3D(1, 0, 0, 0, 1, 0, 0, 0, 1, 7.166984e-05, -0.0003671966, 0.11238232)
body_offset = Transform3D(0.99999994, 1.1546537e-05, -5.7541765e-06, -5.756272e-06, 8.746982e-06, -1.0000002, -1.1540949e-05, 0.9999996, 8.776784e-06, -7.1018934e-05, 0.11238235, 0.00036621094)

[node name="Physical Bone lowerleg_r" parent="Dummy/Rig/Skeleton3D/PhysicalBoneSimulator3D" index="16"]
transform = Transform3D(0.9982908, 0.008658556, 0.05779869, -0.055012546, 0.4730836, 0.8792983, -0.01973016, -0.88097495, 0.47275132, -0.18690091, 0.21089312, 0.014607793)
joint_offset = Transform3D(1, 0, 0, 0, 1, 0, 0, 0, 1, 0.00042910426, 0.00043855864, 0.074808106)
body_offset = Transform3D(0.9999997, -0.00047116913, -0.0006200485, -0.0006216066, -0.0033270717, -0.9999943, 0.00046910532, 0.99999416, -0.0033268034, -0.0003825128, 0.0748094, -0.0001898855)

[node name="Physical Bone foot_r" parent="Dummy/Rig/Skeleton3D/PhysicalBoneSimulator3D" index="17"]
transform = Transform3D(0.9793789, 0.14749871, 0.1380629, 0.0030905916, -0.6942268, 0.7197497, 0.20200913, -0.7044809, -0.68036693, -0.20254949, 0.08486119, 0.036717836)
joint_offset = Transform3D(1, 0, 0, 0, 1, 0, 0, 0, 1, 3.188097e-05, 0.00021296107, 0.08407528)
body_offset = Transform3D(0.9999954, 0.001818642, -0.0024163425, -0.0024180412, 0.0008598864, -0.9999968, -0.0018164366, 0.9999978, 0.0008638203, 0.00017088652, 0.0840749, -0.0002855286)

[node name="Physical Bone head" parent="Dummy/Rig/Skeleton3D/PhysicalBoneSimulator3D" index="18"]
transform = Transform3D(0.9997204, 3.0147967e-07, 0.023647461, -2.5331974e-07, 1, -2.039575e-06, -0.023647461, 2.0330142e-06, 0.9997204, 5.5368307e-08, 1.2231052, 3.801311e-13)
joint_offset = Transform3D(1, 0, 0, 0, 0.99999964, 0, 0, 0, 0.99999964, -5.965598e-08, 2.0265577e-06, -1.4156067e-09)
body_offset = Transform3D(1.0000001, 2.5471493e-07, 8.6426735e-07, -2.547132e-07, 1.0000001, -2.0399311e-06, -8.6426735e-07, 2.0399305e-06, 1.0000001, 5.965547e-08, -2.026558e-06, 1.4114214e-09)

[node name="AnimationTree" type="AnimationTree" parent="Dummy"]
tree_root = SubResource("AnimationNodeBlendTree_k0m3b")
anim_player = NodePath("../AnimationPlayer")

[node name="Area3D" type="Area3D" parent="."]
collision_mask = 2

[node name="CollisionShape3D" type="CollisionShape3D" parent="Area3D"]
shape = SubResource("SphereShape3D_svb3k")
disabled = true

[node name="DialogueBox" parent="." instance=ExtResource("3_k0m3b")]
transform = Transform3D(1, 0, 0, 0, 1, 0, 0, 0, 1, 0, 2.8827615, -0.43405917)
visible = false

[node name="NavigationAgent3D" type="NavigationAgent3D" parent="."]
target_desired_distance = 0.1

[connection signal="body_entered" from="Area3D" to="." method="_on_area_3d_body_entered"]
[connection signal="body_exited" from="Area3D" to="." method="_on_area_3d_body_exited"]

[editable path="Dummy"]
[editable path="Dummy/Rig/Skeleton3D/BoneAttachment3D/pointer/pew"]
[editable path="Dummy/Rig/Skeleton3D/BoneAttachment3D/pointer/Gun_Pistol"]
