[gd_scene load_steps=22 format=3 uid="uid://dxnl4jurpfddl"]

[ext_resource type="Script" uid="uid://34cxhmcvug2m" path="res://entities/npc/npc_dummy.gd" id="1_wfx4m"]
[ext_resource type="PackedScene" uid="uid://btlcpec1pk0f4" path="res://entities/enemy/dummy.tscn" id="2_kfvlc"]
[ext_resource type="PackedScene" uid="uid://c6vlhijuot8ks" path="res://environment/dialogue_box.tscn" id="3_k0m3b"]
[ext_resource type="PackedScene" uid="uid://ebc4v13v0xiy" path="res://assets/ui/pointer.tscn" id="4_kfvlc"]
[ext_resource type="Script" uid="uid://ca88v61n8pibv" path="res://entities/npc/npc_dummy_interactable.gd" id="5_k0m3b"]

[sub_resource type="CapsuleShape3D" id="CapsuleShape3D_dwd6t"]
radius = 0.47802734
height = 2.4682617

[sub_resource type="AnimationNodeAnimation" id="AnimationNodeAnimation_wfx4m"]
animation = &"Idle"

[sub_resource type="AnimationNodeAnimation" id="AnimationNodeAnimation_k0m3b"]
animation = &"Sit_Chair_Down"

[sub_resource type="AnimationNodeAnimation" id="AnimationNodeAnimation_kr2yx"]
animation = &"Sit_Chair_Idle"

[sub_resource type="AnimationNodeAnimation" id="AnimationNodeAnimation_p43ok"]
animation = &"Sit_Chair_StandUp"

[sub_resource type="AnimationNodeAnimation" id="AnimationNodeAnimation_kfvlc"]
animation = &"Walking_C"

[sub_resource type="AnimationNodeStateMachineTransition" id="AnimationNodeStateMachineTransition_kfvlc"]
advance_mode = 2

[sub_resource type="AnimationNodeStateMachineTransition" id="AnimationNodeStateMachineTransition_k0m3b"]

[sub_resource type="AnimationNodeStateMachineTransition" id="AnimationNodeStateMachineTransition_p43ok"]

[sub_resource type="AnimationNodeStateMachineTransition" id="AnimationNodeStateMachineTransition_r8m0f"]
switch_mode = 2
advance_mode = 2

[sub_resource type="AnimationNodeStateMachineTransition" id="AnimationNodeStateMachineTransition_ixa2p"]

[sub_resource type="AnimationNodeStateMachineTransition" id="AnimationNodeStateMachineTransition_wfx4m"]
switch_mode = 2
advance_mode = 2

[sub_resource type="AnimationNodeStateMachineTransition" id="AnimationNodeStateMachineTransition_o4qnk"]

[sub_resource type="AnimationNodeStateMachine" id="AnimationNodeStateMachine_kfvlc"]
states/End/position = Vector2(1039, 100)
states/Idle/node = SubResource("AnimationNodeAnimation_wfx4m")
states/Idle/position = Vector2(436, 100)
states/Sit_Chair_Down/node = SubResource("AnimationNodeAnimation_k0m3b")
states/Sit_Chair_Down/position = Vector2(436, 279)
states/Sit_Chair_Idle/node = SubResource("AnimationNodeAnimation_kr2yx")
states/Sit_Chair_Idle/position = Vector2(610, 279)
states/Sit_Chair_StandUp/node = SubResource("AnimationNodeAnimation_p43ok")
states/Sit_Chair_StandUp/position = Vector2(610, 189)
states/Walking_C/node = SubResource("AnimationNodeAnimation_kfvlc")
states/Walking_C/position = Vector2(624, 100)
transitions = ["Start", "Idle", SubResource("AnimationNodeStateMachineTransition_kfvlc"), "Idle", "Walking_C", SubResource("AnimationNodeStateMachineTransition_k0m3b"), "Idle", "Sit_Chair_Down", SubResource("AnimationNodeStateMachineTransition_p43ok"), "Sit_Chair_Down", "Sit_Chair_Idle", SubResource("AnimationNodeStateMachineTransition_r8m0f"), "Sit_Chair_Idle", "Sit_Chair_StandUp", SubResource("AnimationNodeStateMachineTransition_ixa2p"), "Sit_Chair_StandUp", "Idle", SubResource("AnimationNodeStateMachineTransition_wfx4m"), "Walking_C", "Idle", SubResource("AnimationNodeStateMachineTransition_o4qnk")]
graph_offset = Vector2(-94, 30)

[sub_resource type="AnimationNodeBlendTree" id="AnimationNodeBlendTree_k0m3b"]
nodes/MovementStateMachine/node = SubResource("AnimationNodeStateMachine_kfvlc")
nodes/MovementStateMachine/position = Vector2(-240, 140)
node_connections = [&"output", 0, &"MovementStateMachine"]

[sub_resource type="SphereShape3D" id="SphereShape3D_svb3k"]
radius = 2.4835818

[node name="NpcDummy" type="CharacterBody3D" node_paths=PackedStringArray("dialogue_box", "area_col", "navigation_agent", "pointer")]
collision_layer = 32
collision_mask = 0
safe_margin = 0.5
script = ExtResource("1_wfx4m")
dialogue_box = NodePath("DialogueBox")
area_col = NodePath("Area3D/CollisionShape3D")
navigation_agent = NodePath("NavigationAgent3D")
pointer = NodePath("Pointer")

[node name="CollisionShape3D" type="CollisionShape3D" parent="."]
transform = Transform3D(1, 0, 0, 0, 1, 0, 0, 0, 1, 0, 1.2341309, 0)
shape = SubResource("CapsuleShape3D_dwd6t")

[node name="Dummy" parent="." node_paths=PackedStringArray("animationTree") instance=ExtResource("2_kfvlc")]
transform = Transform3D(-1, 0, -8.742278e-08, 0, 1, 0, 8.742278e-08, 0, -1, 0, 0, 0)
animationTree = NodePath("AnimationTree")

[node name="Skeleton3D" parent="Dummy/Rig" index="0"]
bones/0/rotation = Quaternion(0, 1.19209275e-07, 0, 1)
bones/1/position = Vector3(0, 0.39206383, 0)
bones/1/rotation = Quaternion(-1.11122646e-10, 0.043157756, 2.57241e-09, 0.9990683)
bones/2/rotation = Quaternion(-1.2390451e-17, 7.1054274e-15, -1.1209479e-16, 1)
bones/3/rotation = Quaternion(-5.451663e-18, -4.2351647e-22, -1.120948e-16, 1)
bones/4/position = Vector3(0.21200736, 0.13413203, 7.958496e-08)
bones/4/rotation = Quaternion(-0.55990636, -0.06088034, -0.6439744, 0.51777935)
bones/5/rotation = Quaternion(1.2947213e-08, -4.584835e-08, -0.4947193, 0.8690529)
bones/7/rotation = Quaternion(-0.32106537, -0.32531875, 0.14572597, 0.87741023)
bones/8/position = Vector3(9.699541e-11, 0.09612522, -0.05750002)
bones/8/rotation = Quaternion(6.9489694e-09, -3.5877423e-09, -0.7071069, 0.70710665)
bones/9/position = Vector3(-0.21200739, 0.13413203, 8.3162696e-08)
bones/9/rotation = Quaternion(-0.61824375, 0.08072872, 0.6180117, 0.4788729)
bones/10/rotation = Quaternion(1.9580972e-08, 6.2120286e-08, 0.51793927, 0.85541743)
bones/12/rotation = Quaternion(-0.31929126, 0.30052418, -0.22734974, 0.8695116)
bones/13/position = Vector3(-1.0718092e-09, 0.096125156, -0.057500023)
bones/13/rotation = Quaternion(1.6806022e-09, -1.6805995e-09, 0.7071069, 0.70710665)
bones/14/rotation = Quaternion(-5.80608e-11, -0.031341746, -1.880125e-09, 0.99950874)
bones/15/position = Vector3(0.17094505, 0.11358728, 1.0396902e-08)
bones/15/rotation = Quaternion(0.9937152, 0.08371458, 0.07350381, 0.01091853)
bones/16/rotation = Quaternion(0.19560215, 6.4634996e-08, -1.2026814e-07, 0.9806834)
bones/17/rotation = Quaternion(-0.5175639, -0.20949669, 0.043654855, 0.82845217)
bones/18/rotation = Quaternion(0.000111784386, 0.9202578, -0.39131263, -2.524173e-05)
bones/19/position = Vector3(-0.17094505, 0.11358728, 1.499408e-08)
bones/19/rotation = Quaternion(0.99732214, -0.029457364, 0.031529274, 0.059048306)
bones/20/rotation = Quaternion(0.27400813, -6.264864e-08, 1.8964768e-07, 0.96172744)
bones/21/rotation = Quaternion(-0.55903935, 0.11451276, -0.008627627, 0.8211501)
bones/22/rotation = Quaternion(-8.9349276e-05, 0.9202217, -0.39139766, 2.0291838e-05)
bones/23/position = Vector3(0.17094491, 0.2923103, 0.5758125)
bones/23/rotation = Quaternion(0.7071068, -2.2930234e-07, -4.6055156e-08, 0.7071068)
bones/24/position = Vector3(0.20218208, 0.025990263, 0.20518115)
bones/24/rotation = Quaternion(-0.7071068, -7.052851e-08, -7.0528486e-08, 0.7071068)
bones/25/position = Vector3(2.5596094e-08, 0.36283267, -2.4286129e-15)
bones/25/rotation = Quaternion(9.6579225e-09, 1.7795516e-09, 0.98571914, -0.1683977)
bones/26/position = Vector3(-1.5574136e-08, 0.21343614, -1.0534966e-08)
bones/26/rotation = Quaternion(-1.02578326e-07, 0.39108434, 0.92035484, -3.295464e-08)
bones/27/position = Vector3(2.5820137e-09, 0.16565005, -1.960292e-08)
bones/28/rotation = Quaternion(1, 1.0206753e-09, 1.9196605e-07, 1.0244548e-08)
bones/30/position = Vector3(-0.17094518, 0.2923103, 0.5758124)
bones/30/rotation = Quaternion(0.7071068, -3.82385e-08, 1.4500867e-07, 0.7071068)
bones/31/position = Vector3(-0.1709451, 0.025990263, 0.2457893)
bones/31/rotation = Quaternion(-0.7071068, -7.0528515e-08, -7.05285e-08, 0.7071068)
bones/32/position = Vector3(2.4015051e-08, 0.36283267, 2.4286129e-15)
bones/32/rotation = Quaternion(-5.8358944e-09, 6.4383693e-10, 0.9948094, 0.10175614)
bones/33/position = Vector3(5.9619847e-09, 0.21343614, -3.9266137e-09)
bones/33/rotation = Quaternion(-1.0060663e-07, 0.39108434, 0.92035484, -2.8069156e-08)
bones/34/position = Vector3(1.9620735e-08, 0.16565004, 2.8212537e-09)
bones/35/rotation = Quaternion(1, -4.058572e-09, 1.907939e-07, -6.519259e-09)
bones/37/position = Vector3(0.45350748, 1.1067611, -0.5888594)
bones/37/rotation = Quaternion(-0.7071068, -7.279511e-08, -7.279509e-08, 0.7071068)
bones/38/position = Vector3(0.5208407, 0.78831226, -0.05763735)
bones/38/rotation = Quaternion(-0.7946268, 1.2665987e-07, -0.60709834, 2.2351742e-08)
bones/39/position = Vector3(-0.45350718, 1.1067611, -0.5888596)
bones/39/rotation = Quaternion(-0.7071068, -7.279511e-08, -7.279509e-08, 0.7071068)
bones/40/position = Vector3(-0.5108437, 0.78831214, 0.059736922)
bones/40/rotation = Quaternion(-0.7582528, -1.0803343e-07, 0.6519608, 4.842878e-08)

[node name="head" parent="Dummy/Rig/Skeleton3D" index="0"]
transform = Transform3D(0.9997204, -1.4014344e-09, 0.023646597, 1.3934143e-09, 0.99999994, 3.5568645e-10, -0.023646597, -3.2263747e-10, 0.9997204, -4.303854e-09, 1.2278259, 1.5463912e-15)
visible = true

[node name="chest" parent="Dummy/Rig/Skeleton3D" index="1"]
transform = Transform3D(0.9962748, -5.1496163e-09, 0.08623532, 5.130434e-09, 0.99999994, 4.440771e-10, -0.08623532, 1.8196805e-15, 0.9962748, -2.9196552e-09, 0.9590293, 1.0572674e-15)
visible = true

[node name="Dummy_ArmLeft" parent="Dummy/Rig/Skeleton3D" index="2"]
visible = true

[node name="Dummy_ArmRight" parent="Dummy/Rig/Skeleton3D" index="3"]
visible = true

[node name="Dummy_Body" parent="Dummy/Rig/Skeleton3D" index="4"]
visible = true

[node name="Dummy_Head" parent="Dummy/Rig/Skeleton3D" index="5"]
visible = true

[node name="Dummy_LegLeft" parent="Dummy/Rig/Skeleton3D" index="6"]
visible = true

[node name="Dummy_LegRight" parent="Dummy/Rig/Skeleton3D" index="7"]
visible = true

[node name="BoneAttachment3D" parent="Dummy/Rig/Skeleton3D" index="8"]
transform = Transform3D(2.6951938e-07, -0.14989431, -0.9887019, -0.99999976, -2.9802322e-08, -1.1445583e-07, -1.3886351e-07, 0.98870164, -0.14989415, -0.49106124, 0.64102936, 0.10659554)

[node name="Physical Bone root" parent="Dummy/Rig/Skeleton3D/PhysicalBoneSimulator3D" index="0"]
transform = Transform3D(0.96592665, -0.2588161, -1.00753894e-07, -1.0430813e-07, -3.9435122e-13, -1, 0.2588161, 0.96592665, -2.6997e-08, 0, 0, 0)
body_offset = Transform3D(0.9659266, -0.25881633, -1.0075389e-07, -1.0430813e-07, -3.9435122e-13, -1, 0.25881633, 0.9659266, -2.6997025e-08, 0, 0, 0)

[node name="Physical Bone hips" parent="Dummy/Rig/Skeleton3D/PhysicalBoneSimulator3D" index="1"]
transform = Transform3D(0.99627495, 0.08623404, 1.3444702e-08, 2.0159835e-08, -7.700015e-08, -1, -0.08623404, 0.99627495, -7.8451784e-08, -1.3984564e-07, 0.48805192, 5.8720698e-08)
joint_offset = Transform3D(1, 0, 0, 0, 1, 0, 0, 0, 1, 1.4245332e-07, -3.90514e-08, 0.095988095)
body_offset = Transform3D(1, -1.2889504e-06, 1.5029498e-08, 1.50294e-08, -7.744422e-08, -1, 1.2889504e-06, 1, -7.744419e-08, -1.4389602e-07, 0.095988095, 4.648494e-08)

[node name="Physical Bone spine" parent="Dummy/Rig/Skeleton3D/PhysicalBoneSimulator3D" index="2"]
transform = Transform3D(0.9962755, 0.08622804, -1.3739251e-06, -1.2052782e-06, -2.0078874e-06, -1, -0.08622804, 0.9962755, -1.89648e-06, 1.8847988e-06, 0.7710457, -5.019148e-07)
joint_offset = Transform3D(1, 0, 0, 0, 1, 0, 0, 0, 1, -1.6966505e-06, 7.129212e-07, 0.18700433)
body_offset = Transform3D(1, -7.3090196e-06, -1.2103936e-06, -1.2104086e-06, -2.0083314e-06, -1, 7.3090196e-06, 1, -2.0083398e-06, 1.9230047e-06, 0.18700433, -3.373405e-07)

[node name="Physical Bone chest" parent="Dummy/Rig/Skeleton3D/PhysicalBoneSimulator3D" index="3"]
transform = Transform3D(0.08623876, -0.53390056, -0.841138, -1.895733e-06, 0.84428334, -0.53589714, 0.99627453, 0.0462167, 0.07280893, 0.10696671, 1.00332, -0.0092810895)
joint_offset = Transform3D(1, 0, 0, 0, 1, 0, 0, 0, 1, 2.1919745e-05, 0.020144664, 0.11438474)
body_offset = Transform3D(3.4496188e-06, -0.53589714, -0.8442833, -1.8961772e-06, 0.8442834, -0.5358972, 1, 3.453344e-06, 1.899898e-06, 0.107368596, 0.04429066, -2.220663e-05)

[node name="Physical Bone upperarm_l" parent="Dummy/Rig/Skeleton3D/PhysicalBoneSimulator3D" index="4"]
transform = Transform3D(0.21991004, 0.6919968, -0.68759006, -0.60600805, 0.6492513, 0.45959446, 0.76445657, 0.31561568, 0.56213254, 0.2980114, 1.035227, -0.08981008)
joint_offset = Transform3D(1, 0, 0, 0, 1, 0, 0, 0, 1, 0.00048419714, 0.00012823276, 0.12651287)
body_offset = Transform3D(0.99991703, 0.012724444, -0.0021814406, -0.002217859, 0.0028511733, -0.99999386, -0.012718171, 0.9999152, 0.0028791577, -0.00020980835, 0.12651281, -0.0004863143)

[node name="Physical Bone lowerarm_l" parent="Dummy/Rig/Skeleton3D/PhysicalBoneSimulator3D" index="5"]
transform = Transform3D(-0.47649243, 0.6954057, -0.5379275, 0.09367011, 0.6485249, 0.7554081, 0.8741744, 0.3095585, -0.37415594, 0.45159733, 0.8818032, -0.10438594)
joint_offset = Transform3D(1, 0, 0, 0, 1, 0, 0, 0, 1, 0.00080518116, -0.001273468, 0.13463917)
body_offset = Transform3D(0.9999745, -0.0029421747, -0.006559789, -0.0065222383, 0.012559056, -0.99990046, 0.0030242205, 0.9999171, 0.0125397295, 7.429719e-05, 0.13464701, -0.00041741133)

[node name="Physical Bone wrist_l" parent="Dummy/Rig/Skeleton3D/PhysicalBoneSimulator3D" index="6"]
transform = Transform3D(-0.44443014, 0.6883505, -0.5732849, 0.04795278, 0.6573231, 0.7520817, 0.89452916, 0.30675712, -0.32514256, 0.54285705, 0.75946105, -0.0450657)
joint_offset = Transform3D(1, 0, 0, 0, 1, 0, 0, 0, 1, -8.2611296e-05, -4.701033e-05, 0.038391817)
body_offset = Transform3D(0.9999996, -0.0012221932, -0.00043079257, -0.00042939186, 0.0011250898, -0.99999976, 0.0012226105, 0.99999875, 0.0011246502, 9.909272e-05, 0.03839183, 3.9339066e-06)

[node name="Physical Bone hand_l" parent="Dummy/Rig/Skeleton3D/PhysicalBoneSimulator3D" index="7"]
transform = Transform3D(0.26455653, 0.8359739, 0.48078835, 0.00022579276, -0.49860534, 0.8668291, 0.9643702, -0.22921674, -0.13209805, 0.53361577, 0.68705815, -0.025181169)
joint_offset = Transform3D(1, 0, 0, 0, 1, 0, 0, 0, 1, -0.00030409207, 0.0038863067, 0.055039324)
body_offset = Transform3D(0.9999988, -0.001408577, -0.0010712743, -0.00022606086, 0.4986056, -0.86682934, 0.0017549694, 0.8668282, 0.49860436, 0.00036852807, 0.045771897, -0.030811071)

[node name="Physical Bone upperarm_r" parent="Dummy/Rig/Skeleton3D/PhysicalBoneSimulator3D" index="8"]
transform = Transform3D(0.14275078, -0.66709536, 0.73116755, 0.48999733, 0.689484, 0.533399, -0.8599563, 0.28212705, 0.42529932, -0.3009175, 1.0282437, -0.034738682)
joint_offset = Transform3D(1, 0, 0, 0, 1, 0, 0, 0, 1, -0.0009818083, -0.00011994732, 0.12276254)
body_offset = Transform3D(0.99997115, -0.0025271177, 0.007194042, 0.0071996152, 0.0022170916, -0.99997175, 0.002511084, 0.99999434, 0.0022352412, 9.831786e-05, 0.122766405, -0.00015199184)

[node name="Physical Bone lowerarm_r" parent="Dummy/Rig/Skeleton3D/PhysicalBoneSimulator3D" index="9"]
transform = Transform3D(-0.5843567, -0.65805906, 0.47485322, -0.2278645, 0.69467443, 0.68227947, -0.7788485, 0.29049242, -0.5558859, -0.45144942, 0.8734977, -0.0105447415)
joint_offset = Transform3D(1, 0, 0, 0, 1, 0, 0, 0, 1, 0.00082242215, 0.00028409975, 0.1346263)
body_offset = Transform3D(0.99991035, -0.01220274, -0.005521536, -0.0055200756, 0.000156641, -0.99998486, 0.01220344, 0.9999257, 8.9243054e-05, -7.553771e-05, 0.13462874, -0.00030612946)

[node name="Physical Bone wrist_r" parent="Dummy/Rig/Skeleton3D/PhysicalBoneSimulator3D" index="10"]
transform = Transform3D(-0.57592785, -0.6557813, 0.48811677, -0.21422657, 0.69728535, 0.68403226, -0.78893226, 0.2893857, -0.5420718, -0.53002524, 0.76195526, 0.07927746)
joint_offset = Transform3D(1, 0, 0, 0, 1, 0, 0, 0, 1, -0.0012702475, 0.000144375, 0.037962973)
body_offset = Transform3D(0.9994959, -0.013090178, 0.028930455, 0.02888003, -0.0040189773, -0.999575, 0.013200805, 0.9999063, -0.0036388934, 0.0001732111, 0.037984103, 1.0550022e-05)

[node name="Physical Bone hand_r" parent="Dummy/Rig/Skeleton3D/PhysicalBoneSimulator3D" index="11"]
transform = Transform3D(0.15024738, -0.8569861, -0.49295092, 0.00033022143, -0.49856737, 0.8668509, -0.9886485, -0.13040486, -0.07462544, -0.51841235, 0.69853246, 0.10243587)
joint_offset = Transform3D(1, 0, 0, 0, 1, 0, 0, 0, 1, -1.0844202e-05, 0.0066062864, 0.048353985)
body_offset = Transform3D(1.0000002, 0.00047406554, -0.00010768324, -0.000329834, 0.49856734, -0.8668511, -0.00035706162, 0.86685115, 0.49856737, 1.2919307e-05, 0.03862202, -0.02983439)

[node name="Physical Bone upperleg_l" parent="Dummy/Rig/Skeleton3D/PhysicalBoneSimulator3D" index="12"]
transform = Transform3D(0.98383206, 0.061683297, -0.1681356, 0.16907308, -0.0102698775, 0.98555005, 0.05906524, -0.99804294, -0.020532822, 0.18746674, 0.39746422, -0.0128168)
joint_offset = Transform3D(1, 0, 0, 0, 1, 0, 0, 0, 1, 0.0012967301, -0.0002485357, 0.10954809)
body_offset = Transform3D(0.99999934, -0.0005364306, -0.0011125354, -0.0011120968, 0.0007980112, -0.9999992, 0.0005373284, 0.99999917, 0.0007974133, -0.0011749864, 0.10954964, 0.00016048364)

[node name="Physical Bone lowerleg_l" parent="Dummy/Rig/Skeleton3D/PhysicalBoneSimulator3D" index="13"]
transform = Transform3D(0.9837846, -0.009446177, -0.17910515, 0.16952904, 0.3749569, 0.91140956, 0.058547378, -0.92699414, 0.3704782, 0.22116186, 0.21371639, -0.036853626)
joint_offset = Transform3D(1, 0, 0, 0, 1, 0, 0, 0, 1, 0.00039831924, 0.0010158641, 0.07422105)
body_offset = Transform3D(0.9999982, -0.0015795268, -0.0010470059, -0.0010568928, -0.006265044, -0.99998, 0.001572948, 0.99997884, -0.006266266, -0.00031900406, 0.07422635, -0.0005513802)

[node name="Physical Bone foot_l" parent="Dummy/Rig/Skeleton3D/PhysicalBoneSimulator3D" index="14"]
transform = Transform3D(0.94254524, -0.24193703, -0.23038025, -0.0036700729, -0.69705576, 0.7170076, -0.33405855, -0.6749665, -0.6578945, 0.2539941, 0.0853996, -0.009809304)
joint_offset = Transform3D(1, 0, 0, 0, 1, 0, 0, 0, 1, 0.00011657747, 1.9179715e-05, 0.08347389)
body_offset = Transform3D(0.9999911, -0.0041356683, 0.0009113103, 0.0009302497, 0.0045281947, -0.9999893, 0.0041312724, 0.9999812, 0.004531473, -0.0001925677, 0.08347279, -0.0003979206)

[node name="Physical Bone upperleg_r" parent="Dummy/Rig/Skeleton3D/PhysicalBoneSimulator3D" index="15"]
transform = Transform3D(0.9982889, -0.02626537, 0.052243613, -0.05502652, -0.11970698, 0.9912832, -0.019782493, -0.99246186, -0.120947435, -0.17628013, 0.3941402, 0.027857263)
joint_offset = Transform3D(1, 0, 0, 0, 1, 0, 0, 0, 1, 8.507083e-05, -0.00048861053, 0.11243719)
body_offset = Transform3D(0.99999994, 1.1220574e-05, -5.6507997e-06, -5.6526624e-06, 6.905943e-05, -1, -1.1203811e-05, 0.9999995, 6.906688e-05, -8.442998e-05, 0.11243722, 0.00048084557)

[node name="Physical Bone lowerleg_r" parent="Dummy/Rig/Skeleton3D/PhysicalBoneSimulator3D" index="16"]
transform = Transform3D(0.9983238, 0.004920333, 0.057667576, -0.054293428, 0.42477712, 0.9036684, -0.020049518, -0.9052846, 0.42433223, -0.18722129, 0.21271509, 0.010976648)
joint_offset = Transform3D(1, 0, 0, 0, 1, 0, 0, 0, 1, 0.00073065684, 0.00058272126, 0.074837476)
body_offset = Transform3D(0.9999997, -0.0005467795, -0.000562327, -0.00056470465, -0.004386604, -0.9999901, 0.00054432265, 0.9999899, -0.0043864846, -0.00068825483, 0.0748397, -0.00025483966)

[node name="Physical Bone foot_r" parent="Dummy/Rig/Skeleton3D/PhysicalBoneSimulator3D" index="17"]
transform = Transform3D(0.9794409, 0.14798972, 0.13709357, 0.0039523174, -0.693531, 0.72041595, 0.2016928, -0.705063, -0.67985755, -0.20258746, 0.08466251, 0.03705729)
joint_offset = Transform3D(1, 0, 0, 0, 1, 0, 0, 0, 1, 7.371383e-05, 0.0003919992, 0.0844598)
body_offset = Transform3D(0.99999243, 0.0021808296, -0.0032378584, -0.0032375157, -0.0002283752, -0.9999945, -0.002181366, 0.9999974, -0.00022172928, 0.0001989007, 0.08445966, -0.00037311018)

[node name="Physical Bone head" parent="Dummy/Rig/Skeleton3D/PhysicalBoneSimulator3D" index="18"]
transform = Transform3D(0.9997204, 6.48734e-08, 0.023646865, -5.3368456e-09, 1, -2.5177987e-06, -0.023646865, 2.5169684e-06, 0.9997204, -4.6031562e-07, 1.2278194, -1.2147152e-07)
joint_offset = Transform3D(1, 0, 0, 0, 0.99999964, 0, 0, 0, 0.99999964, 4.5301172e-07, 6.437301e-06, 1.3220458e-07)
body_offset = Transform3D(1.0000001, 6.7309394e-09, 2.682209e-07, -6.730261e-09, 1.0000001, -2.5181548e-06, -2.682209e-07, 2.5181544e-06, 1.0000001, -4.5301186e-07, -6.4373016e-06, -1.3222068e-07)

[node name="AnimationTree" type="AnimationTree" parent="Dummy"]
tree_root = SubResource("AnimationNodeBlendTree_k0m3b")
anim_player = NodePath("../AnimationPlayer")

[node name="Area3D" type="Area3D" parent="."]
collision_mask = 2

[node name="CollisionShape3D" type="CollisionShape3D" parent="Area3D"]
shape = SubResource("SphereShape3D_svb3k")
disabled = true

[node name="DialogueBox" parent="." instance=ExtResource("3_k0m3b")]
transform = Transform3D(1, 0, 0, 0, 1, 0, 0, 0, 1, 0, 2.8827615, -0.43405917)
visible = false

[node name="NavigationAgent3D" type="NavigationAgent3D" parent="."]
target_desired_distance = 0.1

[node name="Pointer" parent="." instance=ExtResource("4_kfvlc")]
transform = Transform3D(1, 0, 0, 0, 1, 0, 0, 0, 1, 0, 2.6577318, 0)
visible = false

[node name="Interactable" type="Node3D" parent="." node_paths=PackedStringArray("npc_dummy")]
script = ExtResource("5_k0m3b")
npc_dummy = NodePath("..")

[connection signal="body_entered" from="Area3D" to="." method="_on_area_3d_body_entered"]
[connection signal="body_exited" from="Area3D" to="." method="_on_area_3d_body_exited"]
[connection signal="velocity_computed" from="NavigationAgent3D" to="." method="_on_navigation_agent_3d_velocity_computed"]

[editable path="Dummy"]
[editable path="Dummy/Rig/Skeleton3D/BoneAttachment3D/pointer/pew"]
[editable path="Dummy/Rig/Skeleton3D/BoneAttachment3D/pointer/Gun_Pistol"]
