[gd_scene load_steps=9 format=3 uid="uid://dxnl4jurpfddl"]

[ext_resource type="Script" uid="uid://34cxhmcvug2m" path="res://entities/npc/npc_dummy_sitting.gd" id="1_dwd6t"]
[ext_resource type="PackedScene" uid="uid://btlcpec1pk0f4" path="res://entities/enemy/dummy.tscn" id="1_svb3k"]

[sub_resource type="CapsuleShape3D" id="CapsuleShape3D_dwd6t"]
radius = 0.47802734
height = 2.4682617

[sub_resource type="AnimationNodeAnimation" id="AnimationNodeAnimation_kr2yx"]
animation = &"Sit_Chair_Idle"

[sub_resource type="AnimationNodeStateMachineTransition" id="AnimationNodeStateMachineTransition_wfx4m"]
advance_mode = 2

[sub_resource type="AnimationNodeStateMachine" id="AnimationNodeStateMachine_kfvlc"]
states/Sit_Chair_Idle/node = SubResource("AnimationNodeAnimation_kr2yx")
states/Sit_Chair_Idle/position = Vector2(450, 100)
transitions = ["Start", "Sit_Chair_Idle", SubResource("AnimationNodeStateMachineTransition_wfx4m")]

[sub_resource type="AnimationNodeBlendTree" id="AnimationNodeBlendTree_k0m3b"]
nodes/MovementStateMachine/node = SubResource("AnimationNodeStateMachine_kfvlc")
nodes/MovementStateMachine/position = Vector2(-240, 140)
node_connections = [&"output", 0, &"MovementStateMachine"]

[sub_resource type="SphereShape3D" id="SphereShape3D_svb3k"]
radius = 2.4835818

[node name="NpcDummySitting" type="CharacterBody3D"]
collision_layer = 32
collision_mask = 0
script = ExtResource("1_dwd6t")

[node name="CollisionShape3D" type="CollisionShape3D" parent="."]
transform = Transform3D(1, 0, 0, 0, 1, 0, 0, 0, 1, 0, 1.2341309, 0)
shape = SubResource("CapsuleShape3D_dwd6t")

[node name="Dummy" parent="." node_paths=PackedStringArray("animationTree") instance=ExtResource("1_svb3k")]
animationTree = NodePath("AnimationTree")

[node name="Skeleton3D" parent="Dummy/Rig" index="0"]
bones/0/rotation = Quaternion(0, 1.19209275e-07, 0, 1)
bones/1/position = Vector3(9.462559e-08, 0.48128262, -0.39688855)
bones/1/rotation = Quaternion(-0.05233592, 0.0012066803, -6.324933e-05, 0.9986288)
bones/2/rotation = Quaternion(0.00082307647, -2.8204292e-10, 1.9892973e-06, 0.99999976)
bones/3/rotation = Quaternion(0.052327923, 0.00014484115, 0.0032893755, 0.99862456)
bones/4/position = Vector3(0.21200736, 0.13413233, 8.4097145e-08)
bones/4/rotation = Quaternion(-0.32822543, -0.17699558, -0.8016839, 0.46716544)
bones/5/rotation = Quaternion(2.9957437e-08, -5.1282573e-08, -0.48821136, 0.8727255)
bones/7/rotation = Quaternion(-0.14317578, -0.42590743, -0.17318352, 0.8764195)
bones/8/position = Vector3(-2.9288476e-08, 0.0961251, -0.057500057)
bones/8/rotation = Quaternion(0.12751268, -0.0059294268, -0.50201166, 0.85538864)
bones/9/position = Vector3(-0.21200736, 0.13413234, 7.902129e-08)
bones/9/rotation = Quaternion(-0.48013085, 0.13179061, 0.74812496, 0.43865088)
bones/10/rotation = Quaternion(1.6467794e-08, 7.2339446e-08, 0.5999611, 0.8000293)
bones/12/rotation = Quaternion(-0.042331062, -0.038709845, 0.12118438, 0.9909713)
bones/13/position = Vector3(3.2114436e-09, 0.09612512, -0.05749999)
bones/13/rotation = Quaternion(0.09815921, 0.19875428, 0.5189698, 0.8255495)
bones/14/rotation = Quaternion(-2.6646935e-08, -0.0001537467, 7.720011e-05, 1)
bones/15/position = Vector3(0.14728987, 0.08435907, 0.02277348)
bones/15/rotation = Quaternion(0.75809884, 0.0147020845, -0.13112728, 0.6386514)
bones/16/rotation = Quaternion(0.5896323, 6.0159216e-08, -4.101138e-07, 0.80767184)
bones/17/rotation = Quaternion(-0.62060446, 0.09371696, -0.016651308, 0.7783251)
bones/18/rotation = Quaternion(-3.4937682e-05, 0.9201413, -0.39158675, 7.91492e-06)
bones/19/position = Vector3(-0.14905041, 0.08431739, 0.023280699)
bones/19/rotation = Quaternion(0.76342237, -0.037992653, 0.07594453, 0.64029306)
bones/20/rotation = Quaternion(0.59248626, -7.108396e-08, 4.1668468e-07, 0.8055807)
bones/21/rotation = Quaternion(-0.6253612, -0.027268382, 0.010632403, 0.77978647)
bones/22/rotation = Quaternion(-5.050291e-06, 0.9201402, -0.3915891, 1.1913465e-06)
bones/23/position = Vector3(0.30971888, 0.7759252, 0.21473837)
bones/23/rotation = Quaternion(0.7058835, 0.041574772, -0.041575056, 0.7058835)
bones/24/position = Vector3(0.21750778, 0.025990268, 0.24423331)
bones/24/rotation = Quaternion(-0.7058835, 0.04157494, 0.041574933, 0.7058835)
bones/25/position = Vector3(3.7862264e-09, 0.3512491, 0.22588004)
bones/25/rotation = Quaternion(4.5764756e-09, 0.39578286, 0.91834414, -6.909899e-10)
bones/26/position = Vector3(-1.4247597e-08, 0.21343616, -1.42293315e-08)
bones/26/rotation = Quaternion(-1.0612938e-07, 0.39108434, 0.92035484, -3.2435327e-08)
bones/27/position = Vector3(-2.7595792e-09, 0.16565003, -2.5801338e-08)
bones/28/rotation = Quaternion(1, -1.12534825e-11, 1.947308e-07, 2.0736482e-10)
bones/30/position = Vector3(-0.2554088, 0.7759252, 0.21092916)
bones/30/rotation = Quaternion(0.7071068, -3.82385e-08, 1.4500867e-07, 0.7071068)
bones/31/position = Vector3(-0.23306775, 0.025990268, 0.2428165)
bones/31/rotation = Quaternion(-0.7053473, -0.049851958, -0.04985195, 0.7053473)
bones/32/position = Vector3(8.462284e-09, 0.35124913, 0.22588004)
bones/32/rotation = Quaternion(1.2711033e-09, 0.3957829, 0.9183441, -5.661451e-09)
bones/33/position = Vector3(-2.5673602e-08, 0.21343614, 3.2650327e-08)
bones/33/rotation = Quaternion(-1.035365e-07, 0.39108434, 0.92035484, -2.9330488e-08)
bones/34/position = Vector3(1.3611778e-10, 0.16565003, -1.4052409e-08)
bones/35/rotation = Quaternion(1, 2.185228e-11, 1.9466441e-07, -5.8207647e-11)
bones/37/position = Vector3(1.3427927, 1.0675246, -0.9267139)
bones/37/rotation = Quaternion(-0.7071068, -7.279511e-08, -7.279509e-08, 0.7071068)
bones/38/position = Vector3(0.4635702, 0.8524891, -0.3126634)
bones/38/rotation = Quaternion(-0.53054327, -0.19331202, -0.775316, -0.28291258)
bones/39/position = Vector3(-0.88333833, 0.9068636, -0.9267144)
bones/39/rotation = Quaternion(-0.7071068, -7.279511e-08, -7.279509e-08, 0.7071068)
bones/40/position = Vector3(-0.41836184, 0.8615522, -0.31689534)
bones/40/rotation = Quaternion(-0.22929737, 0.38462374, 0.8757166, -0.18057664)

[node name="head" parent="Dummy/Rig/Skeleton3D" index="0"]
transform = Transform3D(0.99997544, -0.006456327, 0.002729721, 0.0064607947, 0.99997777, -0.0016309046, -0.0027191304, 0.0016485109, 0.99999493, -0.0016939401, 1.313997, -0.45509562)
visible = true

[node name="chest" parent="Dummy/Rig/Skeleton3D" index="1"]
transform = Transform3D(0.9999755, -0.00630193, 0.003037207, 0.0063068992, 0.9999787, -0.0016289949, -0.0030268766, 0.0016481206, 0.99999404, -2.926812e-09, 1.0452062, -0.45553863)
visible = true

[node name="Dummy_ArmLeft" parent="Dummy/Rig/Skeleton3D" index="2"]
visible = true

[node name="Dummy_ArmRight" parent="Dummy/Rig/Skeleton3D" index="3"]
visible = true

[node name="Dummy_Body" parent="Dummy/Rig/Skeleton3D" index="4"]
visible = true

[node name="Dummy_Head" parent="Dummy/Rig/Skeleton3D" index="5"]
visible = true

[node name="Dummy_LegLeft" parent="Dummy/Rig/Skeleton3D" index="6"]
visible = true

[node name="Dummy_LegRight" parent="Dummy/Rig/Skeleton3D" index="7"]
visible = true

[node name="BoneAttachment3D" parent="Dummy/Rig/Skeleton3D" index="8"]
transform = Transform3D(-0.06964172, 0.5412284, -0.83798635, -0.8944925, 0.33799976, 0.2926411, 0.44162488, 0.7699528, 0.46058625, -0.38175154, 0.7149177, -0.2260382)

[node name="Physical Bone root" parent="Dummy/Rig/Skeleton3D/PhysicalBoneSimulator3D" index="0"]
transform = Transform3D(0.9659258, -0.25881907, -3.846099e-09, -1.5694203e-08, -4.3711378e-08, -1, 0.25881907, 0.9659258, -4.6283905e-08, 0, 0, 0)
body_offset = Transform3D(0.96592575, -0.2588193, -3.846087e-09, -1.5694203e-08, -4.3711378e-08, -1, 0.2588193, 0.96592575, -4.628391e-08, 0, 0, 0)

[node name="Physical Bone hips" parent="Dummy/Rig/Skeleton3D/PhysicalBoneSimulator3D" index="1"]
transform = Transform3D(0.9999971, 0.0024168452, 2.0382815e-09, -0.0002526271, 0.10452817, -0.9945219, -0.0024036057, 0.994519, 0.10452848, -4.3849324e-10, 0.5767455, -0.4069221)
joint_offset = Transform3D(1, 0, 0, 0, 1, 0, 0, 0, 1, 2.4909255e-10, -1.4303433e-09, 0.095988706)
body_offset = Transform3D(0.99999994, -6.3795596e-08, -3.2014214e-09, -3.1141099e-09, 0, -0.9999998, 6.3795596e-08, 0.9999999, 1.4901161e-08, 5.820766e-11, 0.09598869, 0)

[node name="Physical Bone spine" parent="Dummy/Rig/Skeleton3D/PhysicalBoneSimulator3D" index="2"]
transform = Transform3D(0.9999971, 0.002411303, 1.2400159e-09, -0.00024809927, 0.10289036, -0.9946927, -0.0023985053, 0.9946898, 0.10289065, -6.866123e-09, 0.8583626, -0.43618983)
joint_offset = Transform3D(1, 0, 0, 0, 1, 0, 0, 0, 1, 5.7360733e-08, -2.1445292e-05, 0.18714523)
body_offset = Transform3D(1, -5.6053977e-06, -2.6484486e-09, -2.590241e-09, -5.5134296e-07, -1, 5.6056306e-06, 1, -5.438924e-07, -5.69853e-08, 0.18714523, 2.1547079e-05)

[node name="Physical Bone chest" parent="Dummy/Rig/Skeleton3D/PhysicalBoneSimulator3D" index="3"]
transform = Transform3D(0.0030372147, -0.5409711, -0.8410357, -0.00162897, 0.84103584, -0.540977, 0.9999941, 0.0030130853, 0.0016731807, 0.10650722, 1.1132399, -0.45576733)
joint_offset = Transform3D(1, 0, 0, 0, 1, 0, 0, 0, 1, 1.6030379e-05, 0.0003992766, 0.1263814)
body_offset = Transform3D(7.683411e-09, -0.5356626, -0.8444321, 2.5029294e-08, 0.84443206, -0.53566265, 1, -2.537854e-08, 2.5960617e-08, 0.1069344, 0.06736064, -1.603365e-05)

[node name="Physical Bone upperarm_l" parent="Dummy/Rig/Skeleton3D/PhysicalBoneSimulator3D" index="4"]
transform = Transform3D(-0.34142193, 0.35958642, -0.8684058, -0.63604856, 0.5918454, 0.49513772, 0.6920068, 0.7213991, 0.026645409, 0.316526, 1.1205553, -0.45910856)
joint_offset = Transform3D(1, 0, 0, 0, 1, 0, 0, 0, 1, -8.293513e-05, -3.7112775e-05, 0.12135352)
body_offset = Transform3D(1.0000002, -0.0005159676, 0.00039641932, 0.00039653853, 6.184913e-05, -1.0000001, 0.0005159676, 1, 6.206706e-05, 3.4809113e-05, 0.12135357, 2.9623508e-05)

[node name="Physical Bone lowerarm_l" parent="Dummy/Rig/Skeleton3D/PhysicalBoneSimulator3D" index="5"]
transform = Transform3D(-0.9190315, 0.359066, -0.16264299, 0.089338735, 0.59160435, 0.80126333, 0.3839267, 0.721856, -0.5757815, 0.44249135, 0.95636195, -0.38716298)
joint_offset = Transform3D(1, 0, 0, 0, 1, 0, 0, 0, 1, 4.9489325e-05, -9.045831e-05, 0.13046305)
body_offset = Transform3D(1.0000002, 0.00030952692, -0.00038437545, -0.00038427114, -3.6090612e-05, -1.0000005, -0.00030961633, 1.0000002, -3.59118e-05, 6.854534e-07, 0.13046312, 9.5158815e-05)

[node name="Physical Bone wrist_l" parent="Dummy/Rig/Skeleton3D/PhysicalBoneSimulator3D" index="6"]
transform = Transform3D(-0.9087752, 0.35957074, -0.21174645, 0.046527416, 0.59158653, 0.8048979, 0.4146841, 0.7216192, -0.55434906, 0.47142375, 0.8226824, -0.29208624)
joint_offset = Transform3D(1, 0, 0, 0, 1, 0, 0, 0, 1, -8.461991e-06, -3.4400997e-05, 0.03703384)
body_offset = Transform3D(1.0000004, -0.00025054812, -2.8312206e-07, -2.2351742e-07, -6.249547e-05, -1.0000005, 0.00025045872, 1, -6.246567e-05, 8.46386e-06, 0.037033856, 3.671646e-05)

[node name="Physical Bone hand_l" parent="Dummy/Rig/Skeleton3D/PhysicalBoneSimulator3D" index="7"]
transform = Transform3D(-0.27651697, 0.6803897, 0.67868125, 0.6440424, -0.3929564, 0.6563496, 0.71326566, 0.61859125, -0.3295407, 0.4410684, 0.75621706, -0.2532389)
joint_offset = Transform3D(1, 0, 0, 0, 1, 0, 0, 0, 1, -1.0963532e-05, 4.4234097e-05, 0.056147777)
body_offset = Transform3D(1, -0.00028383732, -0.00038067997, -0.00018122792, 0.5129177, -0.85843825, 0.00043872, 0.8584381, 0.5129175, 3.235042e-05, 0.048176706, -0.028837144)

[node name="Physical Bone upperarm_r" parent="Dummy/Rig/Skeleton3D/PhysicalBoneSimulator3D" index="8"]
transform = Transform3D(-0.16134018, -0.60493976, 0.77975464, 0.5315888, 0.6124196, 0.5851117, -0.83149433, 0.50891083, 0.22277129, -0.30739275, 1.1071488, -0.4816761)
joint_offset = Transform3D(1, 0, 0, 0, 1, 0, 0, 0, 1, -4.161216e-05, -6.363445e-05, 0.12119206)
body_offset = Transform3D(0.99999756, -0.0022965074, -4.737079e-05, -4.6923757e-05, 0.00023339689, -1.0000002, 0.0022964776, 0.9999975, 0.00023322552, 4.720688e-05, 0.1211921, 3.5464764e-05)

[node name="Physical Bone lowerarm_r" parent="Dummy/Rig/Skeleton3D/PhysicalBoneSimulator3D" index="9"]
transform = Transform3D(-0.7938869, -0.604582, 0.06499398, -0.41251576, 0.614021, 0.67291087, -0.4467374, 0.5074041, -0.7368628, -0.40985075, 0.94872314, -0.412589)
joint_offset = Transform3D(1, 0, 0, 0, 1, 0, 0, 0, 1, 2.3785316e-05, 0.0001637893, 0.13029405)
body_offset = Transform3D(1, -0.00069111586, -0.00021633506, -0.00021618605, 5.8978796e-05, -1.0000004, 0.0006913245, 1, 5.891919e-05, 4.515052e-06, 0.13029408, -0.00017148256)

[node name="Physical Bone wrist_r" parent="Dummy/Rig/Skeleton3D/PhysicalBoneSimulator3D" index="10"]
transform = Transform3D(-0.7893121, -0.6045475, 0.10727856, -0.37591884, 0.6139723, 0.6940627, -0.48545986, 0.5075041, -0.71187663, -0.42231327, 0.83581793, -0.29053938)
joint_offset = Transform3D(1, 0, 0, 0, 1, 0, 0, 0, 1, 1.783207e-06, 3.8419013e-05, 0.037022043)
body_offset = Transform3D(1, -0.0007510185, -0.00037622452, -0.0003761053, 0.00012338161, -1.0000004, 0.0007510483, 0.99999994, 0.00012302399, 1.2174249e-05, 0.037022054, -4.297495e-05)

[node name="Physical Bone hand_r" parent="Dummy/Rig/Skeleton3D/PhysicalBoneSimulator3D" index="11"]
transform = Transform3D(-0.82955176, -0.3919139, -0.3978033, -0.49257645, 0.17793445, 0.8518849, -0.26308262, 0.9026311, -0.3406534, -0.4040221, 0.7624501, -0.24508378)
joint_offset = Transform3D(1, 0, 0, 0, 1, 0, 0, 0, 1, -6.424782e-05, -0.00011220388, 0.056170773)
body_offset = Transform3D(1.0000002, 0.000304088, -6.727874e-05, -0.00021411479, 0.51424634, -0.85764265, -0.00022606552, 0.85764253, 0.51424634, 6.8061054e-05, 0.04823214, -0.028789401)

[node name="Physical Bone upperleg_l" parent="Dummy/Rig/Skeleton3D/PhysicalBoneSimulator3D" index="12"]
transform = Transform3D(0.9646501, -0.18039756, -0.19211197, -0.16739105, -0.9824709, 0.08204365, -0.20354491, -0.046985585, -0.9779375, 0.16915661, 0.55820763, -0.27237803)
joint_offset = Transform3D(1, 0, 0, 0, 1, 0, 0, 0, 1, 2.2255746e-08, -9.2172996e-08, 0.113538764)
body_offset = Transform3D(1, -3.8184226e-08, -9.834766e-07, -1.013279e-06, 2.0116568e-07, -1.0000001, 4.656613e-08, 0.99999946, 2.8684735e-07, 8.940697e-08, 0.11353877, 5.9604645e-08)

[node name="Physical Bone lowerleg_l" parent="Dummy/Rig/Skeleton3D/PhysicalBoneSimulator3D" index="13"]
transform = Transform3D(0.9646503, -0.23793943, 0.11329058, -0.16739048, -0.22118361, 0.9607592, -0.20354448, -0.94576037, -0.25319365, 0.18250361, 0.47710603, -0.14242604)
joint_offset = Transform3D(1, 0, 0, 0, 1, 0, 0, 0, 1, 4.052826e-08, -1.0987509e-07, 0.07471852)
body_offset = Transform3D(0.99999994, 1.4901161e-08, 5.5879354e-08, 3.7252903e-09, -2.0861626e-07, -0.9999994, 0, 0.99999994, 7.4505806e-08, -4.4703484e-08, 0.074718475, 1.0430813e-07)

[node name="Physical Bone foot_l" parent="Dummy/Rig/Skeleton3D/PhysicalBoneSimulator3D" index="14"]
transform = Transform3D(0.99307925, 0.00109728, -0.11744093, -4.4889742e-07, -0.99995637, -0.009346638, -0.11744605, 0.009282005, -0.9930359, 0.183766, 0.40609348, -0.041259564)
joint_offset = Transform3D(1, 0, 0, 0, 1, 0, 0, 0, 1, -2.1170175e-07, -1.2306619e-07, 0.08282494)
body_offset = Transform3D(0.9999999, 1.648441e-07, 3.7252903e-08, 0, 9.5926225e-08, -1.0000001, 0, 0.9999996, 4.656613e-08, 2.0861626e-07, 0.082824945, 1.1920929e-07)

[node name="Physical Bone upperleg_r" parent="Dummy/Rig/Skeleton3D/PhysicalBoneSimulator3D" index="15"]
transform = Transform3D(0.9859737, 0.06688979, 0.1529104, 0.055981964, -0.9956437, 0.07456423, 0.15723182, -0.064958155, -0.9854231, -0.16635525, 0.55914325, -0.2703071)
joint_offset = Transform3D(1, 0, 0, 0, 1, 0, 0, 0, 1, 2.9334254e-07, -5.635603e-08, 0.113538764)
body_offset = Transform3D(0.9999999, -5.1353127e-06, -2.8461218e-06, -2.8461218e-06, 2.0340085e-06, -1.0000001, 5.1315874e-06, 0.9999997, 2.0712614e-06, 2.9802322e-08, 0.11353877, -1.7881393e-07)

[node name="Physical Bone lowerleg_r" parent="Dummy/Rig/Skeleton3D/PhysicalBoneSimulator3D" index="16"]
transform = Transform3D(0.9859605, 0.16592936, -0.01869381, 0.056381203, -0.22544289, 0.9726236, 0.15717243, -0.9600224, -0.23163305, -0.18234223, 0.4779988, -0.14112124)
joint_offset = Transform3D(1, 0, 0, 0, 1, 0, 0, 0, 1, 2.2931232e-05, -2.2645604e-06, 0.07472189)
body_offset = Transform3D(0.9999999, 3.054738e-05, -0.00039901957, -0.00039901957, 2.7865171e-06, -0.9999996, -3.056228e-05, 1, 2.9951334e-06, 6.8843365e-06, 0.07472187, 2.041459e-06)

[node name="Physical Bone foot_r" parent="Dummy/Rig/Skeleton3D/PhysicalBoneSimulator3D" index="17"]
transform = Transform3D(0.9900604, -0.001310235, 0.14063698, 2.9646582e-08, -0.9999566, -0.009316237, 0.14064309, 0.009223641, -0.9900174, -0.19263078, 0.40609896, -0.04182058)
joint_offset = Transform3D(1, 0, 0, 0, 1, 0, 0, 0, 1, 5.1157616e-07, -2.7256878e-08, 0.08282507)
body_offset = Transform3D(1.0000001, -1.755543e-07, -5.9604645e-08, -2.9802322e-08, -1.8626451e-09, -1.0000001, 1.2747478e-07, 0.99999976, -3.0733645e-08, -5.066395e-07, 0.08282508, 2.9802322e-08)

[node name="Physical Bone head" parent="Dummy/Rig/Skeleton3D/PhysicalBoneSimulator3D" index="18"]
transform = Transform3D(0.99997544, -0.006456534, 0.0027302883, 0.006461007, 0.9999779, -0.0016328131, -0.0027196854, 0.0016504136, 0.99999493, -0.0016939401, 1.313997, -0.45509562)
body_offset = Transform3D(1.0000001, -2.1105734e-07, 5.548354e-07, 2.1139385e-07, 1.0000002, -1.912238e-06, -5.553011e-07, 1.9019935e-06, 1.0000001, 0, 0, 0)

[node name="AnimationTree" type="AnimationTree" parent="Dummy"]
tree_root = SubResource("AnimationNodeBlendTree_k0m3b")
anim_player = NodePath("../AnimationPlayer")

[node name="Area3D" type="Area3D" parent="."]
collision_mask = 2

[node name="CollisionShape3D" type="CollisionShape3D" parent="Area3D"]
transform = Transform3D(1, 0, 0, 0, 1, 0, 0, 0, 1, 0, 1.4936354, 1.6720786)
shape = SubResource("SphereShape3D_svb3k")

[connection signal="body_entered" from="Area3D" to="." method="_on_area_3d_body_entered"]
[connection signal="body_exited" from="Area3D" to="." method="_on_area_3d_body_exited"]

[editable path="Dummy"]
[editable path="Dummy/Rig/Skeleton3D/BoneAttachment3D/pointer/pew"]
[editable path="Dummy/Rig/Skeleton3D/BoneAttachment3D/pointer/Gun_Pistol"]
