[gd_scene load_steps=10 format=3 uid="uid://dxnl4jurpfddl"]

[ext_resource type="Script" uid="uid://34cxhmcvug2m" path="res://entities/npc/npc_dummy_sitting.gd" id="1_dwd6t"]
[ext_resource type="PackedScene" uid="uid://btlcpec1pk0f4" path="res://entities/enemy/dummy.tscn" id="1_svb3k"]
[ext_resource type="PackedScene" uid="uid://c6vlhijuot8ks" path="res://environment/dialogue_box.tscn" id="3_ll8we"]

[sub_resource type="CapsuleShape3D" id="CapsuleShape3D_dwd6t"]
radius = 0.47802734
height = 2.4682617

[sub_resource type="AnimationNodeAnimation" id="AnimationNodeAnimation_kr2yx"]
animation = &"Sit_Chair_Idle"

[sub_resource type="AnimationNodeStateMachineTransition" id="AnimationNodeStateMachineTransition_wfx4m"]
advance_mode = 2

[sub_resource type="AnimationNodeStateMachine" id="AnimationNodeStateMachine_kfvlc"]
states/Sit_Chair_Idle/node = SubResource("AnimationNodeAnimation_kr2yx")
states/Sit_Chair_Idle/position = Vector2(450, 100)
transitions = ["Start", "Sit_Chair_Idle", SubResource("AnimationNodeStateMachineTransition_wfx4m")]

[sub_resource type="AnimationNodeBlendTree" id="AnimationNodeBlendTree_k0m3b"]
nodes/MovementStateMachine/node = SubResource("AnimationNodeStateMachine_kfvlc")
nodes/MovementStateMachine/position = Vector2(-240, 140)
node_connections = [&"output", 0, &"MovementStateMachine"]

[sub_resource type="SphereShape3D" id="SphereShape3D_svb3k"]
radius = 2.4835818

[node name="NpcDummySitting" type="CharacterBody3D" node_paths=PackedStringArray("dialogue_box")]
collision_layer = 32
collision_mask = 0
script = ExtResource("1_dwd6t")
dialogue_box = NodePath("DialogueBox")

[node name="CollisionShape3D" type="CollisionShape3D" parent="."]
transform = Transform3D(1, 0, 0, 0, 1, 0, 0, 0, 1, 0, 1.2341309, 0)
shape = SubResource("CapsuleShape3D_dwd6t")

[node name="Dummy" parent="." node_paths=PackedStringArray("animationTree") instance=ExtResource("1_svb3k")]
animationTree = NodePath("AnimationTree")

[node name="Skeleton3D" parent="Dummy/Rig" index="0"]
bones/0/rotation = Quaternion(0, 1.19209275e-07, 0, 1)
bones/1/position = Vector3(9.462559e-08, 0.48128262, -0.39688855)
bones/1/rotation = Quaternion(-0.05233592, 0.0012066803, -6.324933e-05, 0.9986288)
bones/2/rotation = Quaternion(0.04325502, 2.864074e-12, 0.000104543775, 0.99906415)
bones/3/rotation = Quaternion(0.052318465, 0.0003066352, 0.0068224557, 0.99860716)
bones/4/position = Vector3(0.21200736, 0.13413233, 8.4097145e-08)
bones/4/rotation = Quaternion(-0.35122392, -0.15714476, -0.78619295, 0.48357826)
bones/5/rotation = Quaternion(-1.42585845e-08, -7.111371e-08, -0.52007604, 0.8541201)
bones/7/rotation = Quaternion(-0.14496133, -0.4088771, -0.16843717, 0.8851185)
bones/8/position = Vector3(-2.9288476e-08, 0.0961251, -0.057500057)
bones/8/rotation = Quaternion(0.12751268, -0.0059294268, -0.50201166, 0.85538864)
bones/9/position = Vector3(-0.21200736, 0.13413234, 7.902129e-08)
bones/9/rotation = Quaternion(-0.50223523, 0.108044125, 0.723805, 0.4606437)
bones/10/rotation = Quaternion(3.0254885e-08, 5.017882e-08, 0.63367814, 0.7735968)
bones/12/rotation = Quaternion(-0.018870834, -0.057548463, 0.1423403, 0.9879632)
bones/13/position = Vector3(3.2114436e-09, 0.09612512, -0.05749999)
bones/13/rotation = Quaternion(0.16635607, 0.28132465, 0.45890376, 0.82618976)
bones/14/rotation = Quaternion(-0.008176439, -0.042335324, -0.0107848095, 0.9990119)
bones/15/position = Vector3(0.14728987, 0.08435907, 0.02277348)
bones/15/rotation = Quaternion(0.75809884, 0.0147020845, -0.13112728, 0.6386514)
bones/16/rotation = Quaternion(0.5896323, 6.0159216e-08, -4.101138e-07, 0.80767184)
bones/17/rotation = Quaternion(-0.62060446, 0.09371696, -0.016651308, 0.7783251)
bones/18/rotation = Quaternion(-3.4937682e-05, 0.9201413, -0.39158675, 7.91492e-06)
bones/19/position = Vector3(-0.14905041, 0.08431739, 0.023280699)
bones/19/rotation = Quaternion(0.76342237, -0.037992653, 0.07594453, 0.64029306)
bones/20/rotation = Quaternion(0.59248626, -7.108396e-08, 4.1668468e-07, 0.8055807)
bones/21/rotation = Quaternion(-0.6253612, -0.027268382, 0.010632403, 0.77978647)
bones/22/rotation = Quaternion(-5.050291e-06, 0.9201402, -0.3915891, 1.1913465e-06)
bones/23/position = Vector3(0.30971888, 0.7759252, 0.21473837)
bones/23/rotation = Quaternion(0.7058835, 0.041574772, -0.041575056, 0.7058835)
bones/24/position = Vector3(0.21750778, 0.025990268, 0.24423331)
bones/24/rotation = Quaternion(-0.7058835, 0.04157494, 0.041574933, 0.7058835)
bones/25/position = Vector3(3.7862264e-09, 0.3512491, 0.22588004)
bones/25/rotation = Quaternion(4.5764756e-09, 0.39578286, 0.91834414, -6.909899e-10)
bones/26/position = Vector3(-1.4247597e-08, 0.21343616, -1.42293315e-08)
bones/26/rotation = Quaternion(-1.0612938e-07, 0.39108434, 0.92035484, -3.2435327e-08)
bones/27/position = Vector3(-2.7595792e-09, 0.16565003, -2.5801338e-08)
bones/28/rotation = Quaternion(1, -1.12534825e-11, 1.947308e-07, 2.0736482e-10)
bones/30/position = Vector3(-0.2554088, 0.7759252, 0.21092916)
bones/30/rotation = Quaternion(0.7071068, -3.82385e-08, 1.4500867e-07, 0.7071068)
bones/31/position = Vector3(-0.23306775, 0.025990268, 0.2428165)
bones/31/rotation = Quaternion(-0.7053473, -0.049851958, -0.04985195, 0.7053473)
bones/32/position = Vector3(8.462284e-09, 0.35124913, 0.22588004)
bones/32/rotation = Quaternion(1.2711033e-09, 0.3957829, 0.9183441, -5.661451e-09)
bones/33/position = Vector3(-2.5673602e-08, 0.21343614, 3.2650327e-08)
bones/33/rotation = Quaternion(-1.035365e-07, 0.39108434, 0.92035484, -2.9330488e-08)
bones/34/position = Vector3(1.3611778e-10, 0.16565003, -1.4052409e-08)
bones/35/rotation = Quaternion(1, 2.185228e-11, 1.9466441e-07, -5.8207647e-11)
bones/37/position = Vector3(1.3427927, 1.0675246, -0.9267139)
bones/37/rotation = Quaternion(-0.7071068, -7.279511e-08, -7.279509e-08, 0.7071068)
bones/38/position = Vector3(0.4635702, 0.8524891, -0.3126634)
bones/38/rotation = Quaternion(-0.5415502, -0.16180004, -0.7824993, -0.26122585)
bones/39/position = Vector3(-0.88333833, 0.9068636, -0.9267144)
bones/39/rotation = Quaternion(-0.7071068, -7.279511e-08, -7.279509e-08, 0.7071068)
bones/40/position = Vector3(-0.41836184, 0.8615522, -0.31689534)
bones/40/rotation = Quaternion(-0.22929737, 0.38462374, 0.8757166, -0.18057664)

[node name="head" parent="Dummy/Rig/Skeleton3D" index="0"]
transform = Transform3D(0.9966816, 0.008844603, -0.08091655, -0.014536938, 0.9974388, -0.07003203, 0.0800899, 0.07097592, 0.9942575, -0.0035860792, 1.3149011, -0.40054134)
visible = true

[node name="chest" parent="Dummy/Rig/Skeleton3D" index="1"]
transform = Transform3D(0.99990404, -0.013341228, 0.0037299711, 0.013613643, 0.9961685, -0.08638789, -0.0025631592, 0.086430386, 0.99625456, -2.941477e-09, 1.0471344, -0.42377353)
visible = true

[node name="Dummy_ArmLeft" parent="Dummy/Rig/Skeleton3D" index="2"]
visible = true

[node name="Dummy_ArmRight" parent="Dummy/Rig/Skeleton3D" index="3"]
visible = true

[node name="Dummy_Body" parent="Dummy/Rig/Skeleton3D" index="4"]
visible = true

[node name="Dummy_Head" parent="Dummy/Rig/Skeleton3D" index="5"]
visible = true

[node name="Dummy_LegLeft" parent="Dummy/Rig/Skeleton3D" index="6"]
visible = true

[node name="Dummy_LegRight" parent="Dummy/Rig/Skeleton3D" index="7"]
visible = true

[node name="BoneAttachment3D" parent="Dummy/Rig/Skeleton3D" index="8"]
transform = Transform3D(-0.060973957, 0.33652332, -0.9396988, -0.9358959, 0.30797774, 0.17101958, 0.3469584, 0.8898883, 0.29617235, -0.38213432, 0.711516, -0.22964)

[node name="Physical Bone root" parent="Dummy/Rig/Skeleton3D/PhysicalBoneSimulator3D" index="0"]
transform = Transform3D(0.9659258, -0.25881907, -3.846099e-09, -1.5694203e-08, -4.3711378e-08, -1, 0.25881907, 0.9659258, -4.6283905e-08, 0, 0, 0)
body_offset = Transform3D(0.96592575, -0.2588193, -3.846087e-09, -1.5694203e-08, -4.3711378e-08, -1, 0.2588193, 0.96592575, -4.628391e-08, 0, 0, 0)

[node name="Physical Bone hips" parent="Dummy/Rig/Skeleton3D/PhysicalBoneSimulator3D" index="1"]
transform = Transform3D(0.9999971, 0.0024168452, 2.0382815e-09, -0.0002526271, 0.10452817, -0.9945219, -0.0024036057, 0.994519, 0.10452848, -4.3849324e-10, 0.5767455, -0.4069221)
joint_offset = Transform3D(1, 0, 0, 0, 1, 0, 0, 0, 1, 2.4909255e-10, -1.4303433e-09, 0.095988706)
body_offset = Transform3D(0.99999994, -6.3795596e-08, -3.2014214e-09, -3.1141099e-09, 0, -0.9999998, 6.3795596e-08, 0.9999999, 1.4901161e-08, 5.820766e-11, 0.09598869, 0)

[node name="Physical Bone spine" parent="Dummy/Rig/Skeleton3D/PhysicalBoneSimulator3D" index="2"]
transform = Transform3D(0.9999971, 0.002411302, 6.5097816e-10, -4.383878e-05, 0.018180761, -0.9998347, -0.0024109033, 0.99983186, 0.018180814, -2.0732287e-08, 0.8592192, -0.4203322)
joint_offset = Transform3D(1, 0, 0, 0, 1, 0, 0, 0, 1, 7.759901e-08, -2.4046005e-05, 0.18704122)
body_offset = Transform3D(1, -5.6072604e-06, -2.9431249e-09, -2.906745e-09, -6.686896e-07, -1, 5.607493e-06, 1, -6.61239e-07, -7.718336e-08, 0.18704122, 2.4169683e-05)

[node name="Physical Bone chest" parent="Dummy/Rig/Skeleton3D/PhysicalBoneSimulator3D" index="3"]
transform = Transform3D(0.0037300528, -0.54712975, -0.8370396, -0.086388156, 0.8337398, -0.54535776, 0.9962546, 0.07434452, -0.04415563, 0.10630581, 1.1157901, -0.41824016)
joint_offset = Transform3D(1, 0, 0, 0, 1, 0, 0, 0, 1, 2.1882797e-05, 0.00051068515, 0.12666842)
body_offset = Transform3D(7.7998266e-08, -0.5359176, -0.8442704, -2.6077032e-07, 0.8442704, -0.5359175, 1, 2.5331974e-07, -6.3329935e-08, 0.10721608, 0.06745267, -2.1874905e-05)

[node name="Physical Bone upperarm_l" parent="Dummy/Rig/Skeleton3D/PhysicalBoneSimulator3D" index="4"]
transform = Transform3D(-0.27362204, 0.39520997, -0.8768923, -0.71204656, 0.52967525, 0.46090558, 0.6466226, 0.750502, 0.1364771, 0.31671, 1.1275846, -0.42922026)
joint_offset = Transform3D(1, 0, 0, 0, 1, 0, 0, 0, 1, -0.00010221488, -2.3478318e-05, 0.12148719)
body_offset = Transform3D(0.9999999, -0.0006932616, 0.00041732937, 0.00041740388, -1.6845763e-05, -1, 0.00069347024, 0.99999964, -1.6637146e-05, 5.1498413e-05, 0.12148723, 2.5570393e-05)

[node name="Physical Bone lowerarm_l" parent="Dummy/Rig/Skeleton3D/PhysicalBoneSimulator3D" index="5"]
transform = Transform3D(-0.9050736, 0.39463556, -0.15844443, 0.083009176, 0.52936804, 0.84432155, 0.41707477, 0.7510207, -0.5118754, 0.44306692, 0.9618487, -0.37877744)
joint_offset = Transform3D(1, 0, 0, 0, 1, 0, 0, 0, 1, 5.6466397e-05, -9.289758e-05, 0.1306008)
body_offset = Transform3D(0.9999999, 0.00040787458, -0.0004941374, -0.000494048, -0.00019007921, -1.0000002, -0.0004079044, 0.99999994, -0.00019010901, 8.106232e-06, 0.13060081, 0.000117748976)

[node name="Physical Bone wrist_l" parent="Dummy/Rig/Skeleton3D/PhysicalBoneSimulator3D" index="6"]
transform = Transform3D(-0.89495647, 0.39528602, -0.20688619, 0.03785707, 0.52931935, 0.8475776, 0.44454446, 0.750713, -0.48868215, 0.471267, 0.8210737, -0.29448962)
joint_offset = Transform3D(1, 0, 0, 0, 1, 0, 0, 0, 1, -1.215622e-05, -5.2246563e-05, 0.03708231)
body_offset = Transform3D(1.0000001, -0.00032368302, -3.7550926e-06, -3.7550926e-06, -0.0001860857, -1.0000004, 0.00032374263, 0.99999994, -0.00018626451, 1.2278557e-05, 0.037082314, 5.915761e-05)

[node name="Physical Bone hand_l" parent="Dummy/Rig/Skeleton3D/PhysicalBoneSimulator3D" index="7"]
transform = Transform3D(-0.27642983, 0.6805091, 0.67859703, 0.5842356, -0.4416539, 0.6808896, 0.7630566, 0.5846787, -0.2754913, 0.44068787, 0.75165904, -0.26111597)
joint_offset = Transform3D(1, 0, 0, 0, 1, 0, 0, 0, 1, -1.7835053e-05, 3.840588e-05, 0.056196608)
body_offset = Transform3D(0.99999994, -0.00031653047, -0.00043945014, -0.00021487474, 0.5127903, -0.8585141, 0.0004969239, 0.8585141, 0.51278996, 4.2542815e-05, 0.04822588, -0.028850019)

[node name="Physical Bone upperarm_r" parent="Dummy/Rig/Skeleton3D/PhysicalBoneSimulator3D" index="8"]
transform = Transform3D(-0.0835158, -0.63392925, 0.76886857, 0.6283785, 0.56532663, 0.53436524, -0.77341163, 0.52776843, 0.35113382, -0.30706644, 1.1131421, -0.454233)
joint_offset = Transform3D(1, 0, 0, 0, 1, 0, 0, 0, 1, -6.402518e-05, -6.7881614e-05, 0.12127112)
body_offset = Transform3D(0.9999957, -0.003043294, -9.5009804e-05, -9.402633e-05, 0.00031390786, -1.0000001, 0.0030435026, 0.99999547, 0.00031363964, 7.534027e-05, 0.12127115, 3.0040741e-05)

[node name="Physical Bone lowerarm_r" parent="Dummy/Rig/Skeleton3D/PhysicalBoneSimulator3D" index="9"]
transform = Transform3D(-0.7705752, -0.6333017, 0.07171375, -0.39982125, 0.5679522, 0.71942574, -0.4963435, 0.52569896, -0.6908573, -0.4089668, 0.9546644, -0.4065642)
joint_offset = Transform3D(1, 0, 0, 0, 1, 0, 0, 0, 1, 2.082275e-05, 0.00028264784, 0.13040556)
body_offset = Transform3D(0.9999998, -0.0007983446, -0.00018399954, -0.00018426776, -0.00031775236, -1.0000002, 0.0007981956, 0.9999999, -0.00031781197, 3.3974648e-06, 0.13040566, -0.00024122)

[node name="Physical Bone wrist_r" parent="Dummy/Rig/Skeleton3D/PhysicalBoneSimulator3D" index="10"]
transform = Transform3D(-0.76562303, -0.6333295, 0.11276203, -0.36071262, 0.56780124, 0.73992443, -0.5326424, 0.5258285, -0.6631716, -0.4225039, 0.83406866, -0.29234803)
joint_offset = Transform3D(1, 0, 0, 0, 1, 0, 0, 0, 1, 1.3810394e-07, 6.884573e-05, 0.03705249)
body_offset = Transform3D(0.9999999, -0.00077340007, -0.0004555285, -0.0004556477, -0.0001591146, -1.0000002, 0.00077334046, 0.9999999, -0.00015932322, 1.6793609e-05, 0.037052512, -6.2942505e-05)

[node name="Physical Bone hand_r" parent="Dummy/Rig/Skeleton3D/PhysicalBoneSimulator3D" index="11"]
transform = Transform3D(-0.82949287, -0.39186534, -0.39797392, -0.4926529, 0.17766024, 0.85189795, -0.26312515, 0.9027062, -0.3404215, -0.40441266, 0.7589976, -0.2486561)
joint_offset = Transform3D(1, 0, 0, 0, 1, 0, 0, 0, 1, -7.916732e-05, -0.00015410222, 0.05622089)
body_offset = Transform3D(1.0000002, 0.00044052303, -0.00010830164, -0.0003195405, 0.5145281, -0.8574739, -0.0003221482, 0.8574737, 0.5145282, 8.532405e-05, 0.048287213, -0.028795123)

[node name="Physical Bone upperleg_l" parent="Dummy/Rig/Skeleton3D/PhysicalBoneSimulator3D" index="12"]
transform = Transform3D(0.9646501, -0.18039756, -0.19211197, -0.16739105, -0.9824709, 0.08204365, -0.20354491, -0.046985585, -0.9779375, 0.16915661, 0.55820763, -0.27237803)
joint_offset = Transform3D(1, 0, 0, 0, 1, 0, 0, 0, 1, 2.2255746e-08, -9.2172996e-08, 0.113538764)
body_offset = Transform3D(1, -3.8184226e-08, -9.834766e-07, -1.013279e-06, 2.0116568e-07, -1.0000001, 4.656613e-08, 0.99999946, 2.8684735e-07, 8.940697e-08, 0.11353877, 5.9604645e-08)

[node name="Physical Bone lowerleg_l" parent="Dummy/Rig/Skeleton3D/PhysicalBoneSimulator3D" index="13"]
transform = Transform3D(0.9646503, -0.23793943, 0.11329058, -0.16739048, -0.22118361, 0.9607592, -0.20354448, -0.94576037, -0.25319365, 0.18250361, 0.47710603, -0.14242604)
joint_offset = Transform3D(1, 0, 0, 0, 1, 0, 0, 0, 1, 4.052826e-08, -1.0987509e-07, 0.07471852)
body_offset = Transform3D(0.99999994, 1.4901161e-08, 5.5879354e-08, 3.7252903e-09, -2.0861626e-07, -0.9999994, 0, 0.99999994, 7.4505806e-08, -4.4703484e-08, 0.074718475, 1.0430813e-07)

[node name="Physical Bone foot_l" parent="Dummy/Rig/Skeleton3D/PhysicalBoneSimulator3D" index="14"]
transform = Transform3D(0.99307925, 0.00109728, -0.11744093, -4.4889742e-07, -0.99995637, -0.009346638, -0.11744605, 0.009282005, -0.9930359, 0.183766, 0.40609348, -0.041259564)
joint_offset = Transform3D(1, 0, 0, 0, 1, 0, 0, 0, 1, -2.1170175e-07, -1.2306619e-07, 0.08282494)
body_offset = Transform3D(0.9999999, 1.648441e-07, 3.7252903e-08, 0, 9.5926225e-08, -1.0000001, 0, 0.9999996, 4.656613e-08, 2.0861626e-07, 0.082824945, 1.1920929e-07)

[node name="Physical Bone upperleg_r" parent="Dummy/Rig/Skeleton3D/PhysicalBoneSimulator3D" index="15"]
transform = Transform3D(0.9859737, 0.06688979, 0.1529104, 0.055981964, -0.9956437, 0.07456423, 0.15723182, -0.064958155, -0.9854231, -0.16635525, 0.55914325, -0.2703071)
joint_offset = Transform3D(1, 0, 0, 0, 1, 0, 0, 0, 1, 2.9334254e-07, -5.635603e-08, 0.113538764)
body_offset = Transform3D(0.9999999, -5.1353127e-06, -2.8461218e-06, -2.8461218e-06, 2.0340085e-06, -1.0000001, 5.1315874e-06, 0.9999997, 2.0712614e-06, 2.9802322e-08, 0.11353877, -1.7881393e-07)

[node name="Physical Bone lowerleg_r" parent="Dummy/Rig/Skeleton3D/PhysicalBoneSimulator3D" index="16"]
transform = Transform3D(0.9859605, 0.16592936, -0.01869381, 0.056381203, -0.22544289, 0.9726236, 0.15717243, -0.9600224, -0.23163305, -0.18234223, 0.4779988, -0.14112124)
joint_offset = Transform3D(1, 0, 0, 0, 1, 0, 0, 0, 1, 2.2931232e-05, -2.2645604e-06, 0.07472189)
body_offset = Transform3D(0.9999999, 3.054738e-05, -0.00039901957, -0.00039901957, 2.7865171e-06, -0.9999996, -3.056228e-05, 1, 2.9951334e-06, 6.8843365e-06, 0.07472187, 2.041459e-06)

[node name="Physical Bone foot_r" parent="Dummy/Rig/Skeleton3D/PhysicalBoneSimulator3D" index="17"]
transform = Transform3D(0.9900604, -0.001310235, 0.14063698, 2.9646582e-08, -0.9999566, -0.009316237, 0.14064309, 0.009223641, -0.9900174, -0.19263078, 0.40609896, -0.04182058)
joint_offset = Transform3D(1, 0, 0, 0, 1, 0, 0, 0, 1, 5.1157616e-07, -2.7256878e-08, 0.08282507)
body_offset = Transform3D(1.0000001, -1.755543e-07, -5.9604645e-08, -2.9802322e-08, -1.8626451e-09, -1.0000001, 1.2747478e-07, 0.99999976, -3.0733645e-08, -5.066395e-07, 0.08282508, 2.9802322e-08)

[node name="Physical Bone head" parent="Dummy/Rig/Skeleton3D/PhysicalBoneSimulator3D" index="18"]
transform = Transform3D(0.99668175, 0.008844239, -0.08091591, -0.014536684, 0.9974387, -0.07003395, 0.08008927, 0.070977814, 0.99425745, -0.0035860792, 1.3149011, -0.40054134)
body_offset = Transform3D(1.0000001, -2.1187589e-07, 6.556511e-07, 2.1001324e-07, 1, -1.9147992e-06, -6.556511e-07, 1.9073486e-06, 1, 0, 0, 0)

[node name="AnimationTree" type="AnimationTree" parent="Dummy"]
tree_root = SubResource("AnimationNodeBlendTree_k0m3b")
anim_player = NodePath("../AnimationPlayer")

[node name="Area3D" type="Area3D" parent="."]
collision_mask = 2

[node name="CollisionShape3D" type="CollisionShape3D" parent="Area3D"]
transform = Transform3D(1, 0, 0, 0, 1, 0, 0, 0, 1, 0, 1.4936354, 1.6720786)
shape = SubResource("SphereShape3D_svb3k")

[node name="DialogueBox" parent="." instance=ExtResource("3_ll8we")]
transform = Transform3D(1, 0, 0, 0, 1, 0, 0, 0, 1, 0, 2.8827615, -0.43405917)
visible = false

[connection signal="body_entered" from="Area3D" to="." method="_on_area_3d_body_entered"]
[connection signal="body_exited" from="Area3D" to="." method="_on_area_3d_body_exited"]

[editable path="Dummy"]
[editable path="Dummy/Rig/Skeleton3D/BoneAttachment3D/pointer/pew"]
[editable path="Dummy/Rig/Skeleton3D/BoneAttachment3D/pointer/Gun_Pistol"]
