[gd_scene load_steps=22 format=3 uid="uid://dxnl4jurpfddl"]

[ext_resource type="Script" uid="uid://34cxhmcvug2m" path="res://entities/npc/npc_dummy.gd" id="1_wfx4m"]
[ext_resource type="PackedScene" uid="uid://btlcpec1pk0f4" path="res://entities/enemy/dummy.tscn" id="2_kfvlc"]
[ext_resource type="PackedScene" uid="uid://c6vlhijuot8ks" path="res://environment/dialogue_box.tscn" id="3_k0m3b"]
[ext_resource type="PackedScene" uid="uid://ebc4v13v0xiy" path="res://assets/ui/pointer.tscn" id="4_kfvlc"]
[ext_resource type="Script" uid="uid://ca88v61n8pibv" path="res://entities/npc/npc_dummy_interactable.gd" id="5_k0m3b"]

[sub_resource type="CapsuleShape3D" id="CapsuleShape3D_dwd6t"]
radius = 0.47802734
height = 2.4682617

[sub_resource type="AnimationNodeAnimation" id="AnimationNodeAnimation_wfx4m"]
animation = &"Idle"

[sub_resource type="AnimationNodeAnimation" id="AnimationNodeAnimation_k0m3b"]
animation = &"Sit_Chair_Down"

[sub_resource type="AnimationNodeAnimation" id="AnimationNodeAnimation_kr2yx"]
animation = &"Sit_Chair_Idle"

[sub_resource type="AnimationNodeAnimation" id="AnimationNodeAnimation_p43ok"]
animation = &"Sit_Chair_StandUp"

[sub_resource type="AnimationNodeAnimation" id="AnimationNodeAnimation_kfvlc"]
animation = &"Walking_C"

[sub_resource type="AnimationNodeStateMachineTransition" id="AnimationNodeStateMachineTransition_kfvlc"]
advance_mode = 2

[sub_resource type="AnimationNodeStateMachineTransition" id="AnimationNodeStateMachineTransition_k0m3b"]

[sub_resource type="AnimationNodeStateMachineTransition" id="AnimationNodeStateMachineTransition_p43ok"]

[sub_resource type="AnimationNodeStateMachineTransition" id="AnimationNodeStateMachineTransition_r8m0f"]
switch_mode = 2
advance_mode = 2

[sub_resource type="AnimationNodeStateMachineTransition" id="AnimationNodeStateMachineTransition_ixa2p"]

[sub_resource type="AnimationNodeStateMachineTransition" id="AnimationNodeStateMachineTransition_wfx4m"]
switch_mode = 2
advance_mode = 2

[sub_resource type="AnimationNodeStateMachineTransition" id="AnimationNodeStateMachineTransition_o4qnk"]

[sub_resource type="AnimationNodeStateMachine" id="AnimationNodeStateMachine_kfvlc"]
states/End/position = Vector2(1039, 100)
states/Idle/node = SubResource("AnimationNodeAnimation_wfx4m")
states/Idle/position = Vector2(436, 100)
states/Sit_Chair_Down/node = SubResource("AnimationNodeAnimation_k0m3b")
states/Sit_Chair_Down/position = Vector2(436, 279)
states/Sit_Chair_Idle/node = SubResource("AnimationNodeAnimation_kr2yx")
states/Sit_Chair_Idle/position = Vector2(610, 279)
states/Sit_Chair_StandUp/node = SubResource("AnimationNodeAnimation_p43ok")
states/Sit_Chair_StandUp/position = Vector2(610, 189)
states/Walking_C/node = SubResource("AnimationNodeAnimation_kfvlc")
states/Walking_C/position = Vector2(624, 100)
transitions = ["Start", "Idle", SubResource("AnimationNodeStateMachineTransition_kfvlc"), "Idle", "Walking_C", SubResource("AnimationNodeStateMachineTransition_k0m3b"), "Idle", "Sit_Chair_Down", SubResource("AnimationNodeStateMachineTransition_p43ok"), "Sit_Chair_Down", "Sit_Chair_Idle", SubResource("AnimationNodeStateMachineTransition_r8m0f"), "Sit_Chair_Idle", "Sit_Chair_StandUp", SubResource("AnimationNodeStateMachineTransition_ixa2p"), "Sit_Chair_StandUp", "Idle", SubResource("AnimationNodeStateMachineTransition_wfx4m"), "Walking_C", "Idle", SubResource("AnimationNodeStateMachineTransition_o4qnk")]
graph_offset = Vector2(-94, 30)

[sub_resource type="AnimationNodeBlendTree" id="AnimationNodeBlendTree_k0m3b"]
graph_offset = Vector2(-448, 64)
nodes/MovementStateMachine/node = SubResource("AnimationNodeStateMachine_kfvlc")
nodes/MovementStateMachine/position = Vector2(-240, 140)
node_connections = [&"output", 0, &"MovementStateMachine"]

[sub_resource type="SphereShape3D" id="SphereShape3D_svb3k"]
radius = 2.4835818

[node name="NpcDummy" type="CharacterBody3D" node_paths=PackedStringArray("dialogue_box", "area_col", "navigation_agent", "pointer")]
collision_layer = 32
collision_mask = 0
safe_margin = 0.5
script = ExtResource("1_wfx4m")
dialogue_box = NodePath("DialogueBox")
area_col = NodePath("Area3D/CollisionShape3D")
navigation_agent = NodePath("NavigationAgent3D")
pointer = NodePath("Pointer")

[node name="CollisionShape3D" type="CollisionShape3D" parent="."]
transform = Transform3D(1, 0, 0, 0, 1, 0, 0, 0, 1, 0, 1.2341309, 0)
shape = SubResource("CapsuleShape3D_dwd6t")

[node name="Dummy" parent="." node_paths=PackedStringArray("animationTree") instance=ExtResource("2_kfvlc")]
transform = Transform3D(-1, 0, -8.742278e-08, 0, 1, 0, 8.742278e-08, 0, -1, 0, 0, 0)
animationTree = NodePath("AnimationTree")

[node name="Skeleton3D" parent="Dummy/Rig" index="0"]
bones/0/rotation = Quaternion(0, 1.19209275e-07, 0, 1)
bones/1/position = Vector3(0, 0.3883548, 0)
bones/1/rotation = Quaternion(-1.11122646e-10, 0.043157756, 2.57241e-09, 0.9990683)
bones/2/rotation = Quaternion(-1.2390451e-17, 7.1054274e-15, -1.1209479e-16, 1)
bones/3/rotation = Quaternion(-5.451663e-18, -4.2351647e-22, -1.120948e-16, 1)
bones/4/position = Vector3(0.21200736, 0.13413203, 7.958496e-08)
bones/4/rotation = Quaternion(-0.55869544, -0.05992683, -0.64223754, 0.5213435)
bones/5/rotation = Quaternion(4.9979622e-08, -5.059862e-08, -0.4996774, 0.8662116)
bones/7/rotation = Quaternion(-0.32133517, -0.32767043, 0.14711258, 0.87620413)
bones/8/position = Vector3(9.699541e-11, 0.09612522, -0.05750002)
bones/8/rotation = Quaternion(0.00016310022, 0.00016308264, -0.70650804, 0.707705)
bones/9/position = Vector3(-0.21200739, 0.13413203, 8.3162696e-08)
bones/9/rotation = Quaternion(-0.6170323, 0.0799049, 0.61663246, 0.4823389)
bones/10/rotation = Quaternion(6.808195e-09, 5.3300294e-08, 0.5226553, 0.8525441)
bones/12/rotation = Quaternion(-0.31971115, 0.3030995, -0.22882794, 0.8680744)
bones/13/position = Vector3(-1.0718092e-09, 0.096125156, -0.057500023)
bones/13/rotation = Quaternion(0.0004580595, 0.00053952367, 0.7066317, 0.7075811)
bones/14/rotation = Quaternion(-5.80608e-11, -0.031341746, -1.880125e-09, 0.99950874)
bones/15/position = Vector3(0.17094505, 0.11358728, 1.0396902e-08)
bones/15/rotation = Quaternion(0.9933153, 0.083318725, 0.074750535, 0.028199553)
bones/16/rotation = Quaternion(0.24051353, 6.400627e-08, -1.599487e-07, 0.97064584)
bones/17/rotation = Quaternion(-0.54090244, -0.20809405, 0.05053378, 0.81336814)
bones/18/rotation = Quaternion(6.719321e-05, 0.9202178, -0.3914067, -1.5151794e-05)
bones/19/position = Vector3(-0.17094505, 0.11358728, 1.499408e-08)
bones/19/rotation = Quaternion(0.9964502, -0.030166382, 0.03118979, 0.07214133)
bones/20/rotation = Quaternion(0.30768573, -6.32593e-08, 2.1270867e-07, 0.9514881)
bones/21/rotation = Quaternion(-0.5769471, 0.1142695, -0.011447112, 0.8086677)
bones/22/rotation = Quaternion(-8.9349276e-05, 0.9202217, -0.39139766, 2.0291838e-05)
bones/23/position = Vector3(0.17094491, 0.2923103, 0.5758125)
bones/23/rotation = Quaternion(0.7071068, -2.2930234e-07, -4.6055156e-08, 0.7071068)
bones/24/position = Vector3(0.20218208, 0.025990263, 0.20518115)
bones/24/rotation = Quaternion(-0.7071068, -7.052851e-08, -7.0528486e-08, 0.7071068)
bones/25/position = Vector3(2.5596094e-08, 0.36283267, -2.4286129e-15)
bones/25/rotation = Quaternion(9.6579225e-09, 1.7795516e-09, 0.98571914, -0.1683977)
bones/26/position = Vector3(-1.5574136e-08, 0.21343614, -1.0534966e-08)
bones/26/rotation = Quaternion(-1.02578326e-07, 0.39108434, 0.92035484, -3.295464e-08)
bones/27/position = Vector3(2.5820137e-09, 0.16565005, -1.960292e-08)
bones/28/rotation = Quaternion(1, 1.0206753e-09, 1.9196605e-07, 1.0244548e-08)
bones/30/position = Vector3(-0.17094518, 0.2923103, 0.5758124)
bones/30/rotation = Quaternion(0.7071068, -3.82385e-08, 1.4500867e-07, 0.7071068)
bones/31/position = Vector3(-0.1709451, 0.025990263, 0.2457893)
bones/31/rotation = Quaternion(-0.7071068, -7.0528515e-08, -7.05285e-08, 0.7071068)
bones/32/position = Vector3(2.4015051e-08, 0.36283267, 2.4286129e-15)
bones/32/rotation = Quaternion(-5.8358944e-09, 6.4383693e-10, 0.9948094, 0.10175614)
bones/33/position = Vector3(5.9619847e-09, 0.21343614, -3.9266137e-09)
bones/33/rotation = Quaternion(-1.0060663e-07, 0.39108434, 0.92035484, -2.8069156e-08)
bones/34/position = Vector3(1.9620735e-08, 0.16565004, 2.8212537e-09)
bones/35/rotation = Quaternion(1, -4.058572e-09, 1.907939e-07, -6.519259e-09)
bones/37/position = Vector3(0.45350748, 1.1067611, -0.5888594)
bones/37/rotation = Quaternion(-0.7071068, -7.279511e-08, -7.279509e-08, 0.7071068)
bones/38/position = Vector3(0.5208407, 0.7866377, -0.05763735)
bones/38/rotation = Quaternion(-0.7946268, 1.2665987e-07, -0.60709834, 2.2351742e-08)
bones/39/position = Vector3(-0.45350718, 1.1067611, -0.5888596)
bones/39/rotation = Quaternion(-0.7071068, -7.279511e-08, -7.279509e-08, 0.7071068)
bones/40/position = Vector3(-0.5108437, 0.78663766, 0.059736922)
bones/40/rotation = Quaternion(-0.7582528, -1.0803343e-07, 0.6519608, 4.842878e-08)

[node name="head" parent="Dummy/Rig/Skeleton3D" index="0"]
transform = Transform3D(0.9997204, -1.4014344e-09, 0.023646597, 1.3934143e-09, 0.99999994, 3.5568645e-10, -0.023646597, -3.2263747e-10, 0.9997204, -4.303854e-09, 1.2241168, 1.5463912e-15)
visible = true

[node name="chest" parent="Dummy/Rig/Skeleton3D" index="1"]
transform = Transform3D(0.9962748, -5.1496163e-09, 0.08623532, 5.130434e-09, 0.99999994, 4.440771e-10, -0.08623532, 1.8196805e-15, 0.9962748, -2.9196552e-09, 0.95532024, 1.0572674e-15)
visible = true

[node name="Dummy_ArmLeft" parent="Dummy/Rig/Skeleton3D" index="2"]
visible = true

[node name="Dummy_ArmRight" parent="Dummy/Rig/Skeleton3D" index="3"]
visible = true

[node name="Dummy_Body" parent="Dummy/Rig/Skeleton3D" index="4"]
visible = true

[node name="Dummy_Head" parent="Dummy/Rig/Skeleton3D" index="5"]
visible = true

[node name="Dummy_LegLeft" parent="Dummy/Rig/Skeleton3D" index="6"]
visible = true

[node name="Dummy_LegRight" parent="Dummy/Rig/Skeleton3D" index="7"]
visible = true

[node name="BoneAttachment3D" parent="Dummy/Rig/Skeleton3D" index="8"]
transform = Transform3D(0.00031634833, -0.15128833, -0.98848945, -0.9999987, -0.0013428922, -0.0001142901, -0.0013100454, 0.98848844, -0.15128858, -0.49094418, 0.6394971, 0.10690078)

[node name="Physical Bone root" parent="Dummy/Rig/Skeleton3D/PhysicalBoneSimulator3D" index="0"]
transform = Transform3D(0.96592665, -0.2588161, -1.00753894e-07, -1.0430813e-07, -3.9435122e-13, -1, 0.2588161, 0.96592665, -2.6997e-08, 0, 0, 0)
body_offset = Transform3D(0.9659266, -0.25881633, -1.0075389e-07, -1.0430813e-07, -3.9435122e-13, -1, 0.25881633, 0.9659266, -2.6997025e-08, 0, 0, 0)

[node name="Physical Bone hips" parent="Dummy/Rig/Skeleton3D/PhysicalBoneSimulator3D" index="1"]
transform = Transform3D(0.9962749, 0.08623432, -2.7876374e-07, -2.7906538e-07, -8.557397e-09, -1, -0.08623432, 0.9962749, 1.5539493e-08, -1.0264492e-07, 0.48434225, -1.4795108e-10)
joint_offset = Transform3D(1, 0, 0, 0, 1, 0, 0, 0, 1, 1.2903656e-07, 9.820318e-09, 0.09598744)
body_offset = Transform3D(0.99999994, -9.983778e-07, -2.8419575e-07, -2.8419578e-07, -9.001467e-09, -1, 9.983778e-07, 0.99999994, -9.001754e-09, -1.0175732e-07, 0.09598744, -8.956391e-09)

[node name="Physical Bone spine" parent="Dummy/Rig/Skeleton3D/PhysicalBoneSimulator3D" index="2"]
transform = Transform3D(0.9962753, 0.086229816, -3.8372482e-07, -2.629923e-07, -1.411485e-06, -1, -0.086229816, 0.9962753, -1.3835497e-06, 2.037628e-06, 0.7673346, 3.4911538e-13)
joint_offset = Transform3D(1, 0, 0, 0, 1, 0, 0, 0, 1, -1.981843e-06, 8.816103e-08, 0.1870023)
body_offset = Transform3D(1, -5.528331e-06, -2.681149e-07, -2.6812273e-07, -1.411929e-06, -1, 5.528331e-06, 1, -1.4119304e-06, 2.0319817e-06, 0.1870023, 1.7588415e-07)

[node name="Physical Bone chest" parent="Dummy/Rig/Skeleton3D/PhysicalBoneSimulator3D" index="3"]
transform = Transform3D(0.08623543, -0.5339045, -0.84113586, -1.9913735e-07, 0.8442809, -0.5359009, 0.9962748, 0.046213802, 0.07280682, 0.10695481, 0.99963117, -0.0092797745)
joint_offset = Transform3D(1, 0, 0, 0, 1, 0, 0, 0, 1, 2.1920634e-05, 0.020121645, 0.11438541)
body_offset = Transform3D(1.0430813e-07, -0.5359009, -0.84428096, -1.9958144e-07, 0.8442811, -0.53590095, 1, 2.2351742e-07, -2.2351742e-08, 0.10735663, 0.044310927, -2.1922575e-05)

[node name="Physical Bone upperarm_l" parent="Dummy/Rig/Skeleton3D/PhysicalBoneSimulator3D" index="4"]
transform = Transform3D(0.22418734, 0.68935084, -0.6888654, -0.60999507, 0.65052485, 0.45246384, 0.7600303, 0.31876785, 0.56634, 0.2981696, 1.0324527, -0.09032718)
joint_offset = Transform3D(1, 0, 0, 0, 1, 0, 0, 0, 1, 0.0004931768, 0.00010475295, 0.12649028)
body_offset = Transform3D(0.9999167, 0.012740612, -0.0022881627, -0.0023239553, 0.0028035343, -0.9999938, -0.012734279, 0.9999151, 0.0028329939, -0.00020503998, 0.12649034, -0.00045681)

[node name="Physical Bone lowerarm_l" parent="Dummy/Rig/Skeleton3D/PhysicalBoneSimulator3D" index="5"]
transform = Transform3D(-0.48162603, 0.6926973, -0.536849, 0.093948476, 0.64985734, 0.7542276, 0.87132657, 0.31281948, -0.3780661, 0.4517317, 0.87999487, -0.104893796)
joint_offset = Transform3D(1, 0, 0, 0, 1, 0, 0, 0, 1, 0.0008029235, -0.0012666606, 0.13462807)
body_offset = Transform3D(0.99997485, -0.002905339, -0.0065291226, -0.0064922273, 0.012528561, -0.99990094, 0.0029868782, 0.99991745, 0.012509517, 7.241964e-05, 0.1346358, -0.00041997433)

[node name="Physical Bone wrist_l" parent="Dummy/Rig/Skeleton3D/PhysicalBoneSimulator3D" index="6"]
transform = Transform3D(-0.449609, 0.6856801, -0.5724462, 0.048344202, 0.6586161, 0.7509245, 0.8919162, 0.309948, -0.32926837, 0.54281855, 0.7578356, -0.044910293)
joint_offset = Transform3D(1, 0, 0, 0, 1, 0, 0, 0, 1, -8.270243e-05, -3.92226e-05, 0.038389467)
body_offset = Transform3D(0.9999995, -0.0012212098, -0.00043013692, -0.0004286766, 0.0011256114, -0.9999998, 0.0012216866, 0.9999988, 0.0011252537, 9.916723e-05, 0.038389474, -3.874302e-06)

[node name="Physical Bone hand_l" parent="Dummy/Rig/Skeleton3D/PhysicalBoneSimulator3D" index="7"]
transform = Transform3D(0.26455927, 0.83594984, 0.48082876, 0.00022687389, -0.4986479, 0.86680466, 0.9643694, -0.22921212, -0.13211158, 0.5335604, 0.6854718, -0.024879934)
joint_offset = Transform3D(1, 0, 0, 0, 1, 0, 0, 0, 1, -0.00030164694, 0.0038752984, 0.05504091)
body_offset = Transform3D(0.9999986, -0.0014106929, -0.0010738373, -0.00022705247, 0.49864826, -0.866805, 0.0017580986, 0.86680377, 0.4986469, 0.0003662184, 0.04577726, -0.030804574)

[node name="Physical Bone upperarm_r" parent="Dummy/Rig/Skeleton3D/PhysicalBoneSimulator3D" index="8"]
transform = Transform3D(0.1467023, -0.66388476, 0.7333045, 0.4942196, 0.69135916, 0.52703846, -0.8568695, 0.2850957, 0.4295289, -0.301213, 1.025321, -0.035255134)
joint_offset = Transform3D(1, 0, 0, 0, 1, 0, 0, 0, 1, -0.00097742, -0.00014545169, 0.12278963)
body_offset = Transform3D(0.9999713, -0.002528444, 0.0071848333, 0.0071903765, 0.002228953, -0.99997187, 0.0025124252, 0.9999945, 0.0022472367, 9.480119e-05, 0.122793525, -0.00012803078)

[node name="Physical Bone lowerarm_r" parent="Dummy/Rig/Skeleton3D/PhysicalBoneSimulator3D" index="9"]
transform = Transform3D(-0.5895649, -0.6547878, 0.47293356, -0.22780028, 0.6965394, 0.68039685, -0.7749324, 0.29340374, -0.55981606, -0.45169008, 0.871597, -0.0110437665)
joint_offset = Transform3D(1, 0, 0, 0, 1, 0, 0, 0, 1, 0.0008206395, 0.00028718298, 0.13461125)
body_offset = Transform3D(0.99991095, -0.012159705, -0.0055146217, -0.005512923, 0.00016024709, -0.9999851, 0.012160301, 0.99992615, 9.3340874e-05, -7.4744225e-05, 0.13461372, -0.00030970573)

[node name="Physical Bone wrist_r" parent="Dummy/Rig/Skeleton3D/PhysicalBoneSimulator3D" index="10"]
transform = Transform3D(-0.58111733, -0.6525164, 0.48633838, -0.2141126, 0.699132, 0.6821805, -0.7851488, 0.29229575, -0.54598963, -0.52996624, 0.7603518, 0.07943247)
joint_offset = Transform3D(1, 0, 0, 0, 1, 0, 0, 0, 1, -0.0012684648, 0.00014850331, 0.03796242)
body_offset = Transform3D(0.9994996, -0.013055295, 0.028822154, 0.028772384, -0.0039937645, -0.99957836, 0.013164818, 0.9999069, -0.00361605, 0.00017561018, 0.037983507, 5.4836273e-06)

[node name="Physical Bone hand_r" parent="Dummy/Rig/Skeleton3D/PhysicalBoneSimulator3D" index="11"]
transform = Transform3D(0.15024665, -0.8569719, -0.49297586, 0.00032744644, -0.49859297, 0.8668362, -0.98864853, -0.13040066, -0.07463131, -0.51829606, 0.69697773, 0.10273913)
joint_offset = Transform3D(1, 0, 0, 0, 1, 0, 0, 0, 1, -1.2749371e-05, 0.0065927524, 0.04837313)
body_offset = Transform3D(1.0000002, 0.00047254562, -0.000105805695, -0.00032726774, 0.4985931, -0.86683655, -0.0003568232, 0.8668365, 0.49859294, 1.475215e-05, 0.038644493, -0.029833347)

[node name="Physical Bone upperleg_l" parent="Dummy/Rig/Skeleton3D/PhysicalBoneSimulator3D" index="12"]
transform = Transform3D(0.9835627, 0.06709358, -0.16763918, 0.17079675, -0.0444372, 0.9843038, 0.058591038, -0.99675673, -0.055166136, 0.18741858, 0.3938755, -0.009020288)
joint_offset = Transform3D(1, 0, 0, 0, 1, 0, 0, 0, 1, 0.0012931244, -0.00024752293, 0.10955432)
body_offset = Transform3D(0.9999992, -0.000542704, -0.0010986107, -0.0010981795, 0.00079150125, -0.99999917, 0.00054360554, 0.99999917, 0.00079089776, -0.0011729002, 0.10955584, 0.00016017351)

[node name="Physical Bone lowerleg_l" parent="Dummy/Rig/Skeleton3D/PhysicalBoneSimulator3D" index="13"]
transform = Transform3D(0.98349196, -0.020775894, -0.17975537, 0.17133547, 0.42644927, 0.8881358, 0.058204737, -0.90427285, 0.422969, 0.22110763, 0.21195894, -0.032908376)
joint_offset = Transform3D(1, 0, 0, 0, 1, 0, 0, 0, 1, 0.00040376213, 0.0010135358, 0.07422083)
body_offset = Transform3D(0.9999982, -0.0015784539, -0.0010384936, -0.0010483582, -0.006251663, -0.99998, 0.0015719682, 0.99997896, -0.0062527955, -0.00032508373, 0.074226096, -0.00055006146)

[node name="Physical Bone foot_l" parent="Dummy/Rig/Skeleton3D/PhysicalBoneSimulator3D" index="14"]
transform = Transform3D(0.942527, -0.24196957, -0.2304204, -0.0036152657, -0.696958, 0.7171029, -0.3341104, -0.6750558, -0.6577765, 0.2539949, 0.085391134, -0.009818621)
joint_offset = Transform3D(1, 0, 0, 0, 1, 0, 0, 0, 1, 0.000119655866, 1.9900734e-05, 0.083473034)
body_offset = Transform3D(0.99999094, -0.004137367, 0.00088500977, 0.00090387464, 0.004511118, -0.9999894, 0.00413315, 0.9999812, 0.004514247, -0.00019344687, 0.08347195, -0.0003972128)

[node name="Physical Bone upperleg_r" parent="Dummy/Rig/Skeleton3D/PhysicalBoneSimulator3D" index="15"]
transform = Transform3D(0.99825937, -0.027571408, 0.052134674, -0.055611115, -0.14571893, 0.9877618, -0.019636974, -0.9889418, -0.14699857, -0.17626625, 0.39082286, 0.030790102)
joint_offset = Transform3D(1, 0, 0, 0, 1, 0, 0, 0, 1, 8.331668e-05, -0.00048532788, 0.11242908)
body_offset = Transform3D(0.99999994, 1.1721626e-05, -5.6866556e-06, -5.6885183e-06, 6.687641e-05, -1, -1.1717901e-05, 0.9999996, 6.684661e-05, -8.267164e-05, 0.11242911, 0.00047781318)

[node name="Physical Bone lowerleg_r" parent="Dummy/Rig/Skeleton3D/PhysicalBoneSimulator3D" index="16"]
transform = Transform3D(0.99829596, 0.007884161, 0.05781906, -0.05486735, 0.4641876, 0.88403594, -0.019869007, -0.88570184, 0.4638292, -0.18722679, 0.21127574, 0.013924481)
joint_offset = Transform3D(1, 0, 0, 0, 1, 0, 0, 0, 1, 0.00074908836, 0.0005710267, 0.074817985)
body_offset = Transform3D(0.9999997, -0.0005449392, -0.0005639512, -0.0005663289, -0.0043766797, -0.9999901, 0.0005424712, 0.99999, -0.0043765306, -0.00070658326, 0.07482016, -0.00024398416)

[node name="Physical Bone foot_r" parent="Dummy/Rig/Skeleton3D/PhysicalBoneSimulator3D" index="17"]
transform = Transform3D(0.97942716, 0.14802946, 0.13714859, 0.003920383, -0.6934623, 0.7204823, 0.20175996, -0.70512223, -0.6797762, -0.20258047, 0.0846554, 0.03704502)
joint_offset = Transform3D(1, 0, 0, 0, 1, 0, 0, 0, 1, 6.3287785e-05, 0.00038626225, 0.08445502)
body_offset = Transform3D(0.9999923, 0.0022076517, -0.0031876117, -0.0031871796, -0.00022602081, -0.999995, -0.0022083223, 0.9999975, -0.0002193451, 0.00020506978, 0.08445489, -0.00036759675)

[node name="Physical Bone head" parent="Dummy/Rig/Skeleton3D/PhysicalBoneSimulator3D" index="18"]
transform = Transform3D(0.9997204, 3.0147967e-07, 0.023647461, -2.5331974e-07, 1, -2.039575e-06, -0.023647461, 2.0330142e-06, 0.9997204, 5.5368314e-08, 1.2241148, 7.334041e-13)
joint_offset = Transform3D(1, 0, 0, 0, 0.99999964, 0, 0, 0, 0.99999964, -5.9655974e-08, 2.0265577e-06, -1.41596e-09)
body_offset = Transform3D(1.0000001, 2.5471493e-07, 8.6426735e-07, -2.547132e-07, 1.0000001, -2.0399311e-06, -8.6426735e-07, 2.0399305e-06, 1.0000001, 5.965546e-08, -2.026558e-06, 1.4117747e-09)

[node name="AnimationTree" type="AnimationTree" parent="Dummy"]
tree_root = SubResource("AnimationNodeBlendTree_k0m3b")
anim_player = NodePath("../AnimationPlayer")

[node name="Area3D" type="Area3D" parent="."]
collision_mask = 2

[node name="CollisionShape3D" type="CollisionShape3D" parent="Area3D"]
shape = SubResource("SphereShape3D_svb3k")
disabled = true

[node name="DialogueBox" parent="." instance=ExtResource("3_k0m3b")]
transform = Transform3D(1, 0, 0, 0, 1, 0, 0, 0, 1, 0, 2.8827615, -0.43405917)
visible = false

[node name="NavigationAgent3D" type="NavigationAgent3D" parent="."]
target_desired_distance = 0.1

[node name="Pointer" parent="." instance=ExtResource("4_kfvlc")]
transform = Transform3D(1, 0, 0, 0, 1, 0, 0, 0, 1, 0, 2.6577318, 0)
visible = false

[node name="Interactable" type="Node3D" parent="." node_paths=PackedStringArray("npc_dummy")]
script = ExtResource("5_k0m3b")
npc_dummy = NodePath("..")

[connection signal="body_entered" from="Area3D" to="." method="_on_area_3d_body_entered"]
[connection signal="body_exited" from="Area3D" to="." method="_on_area_3d_body_exited"]
[connection signal="velocity_computed" from="NavigationAgent3D" to="." method="_on_navigation_agent_3d_velocity_computed"]

[editable path="Dummy"]
[editable path="Dummy/Rig/Skeleton3D/BoneAttachment3D/pointer/pew"]
[editable path="Dummy/Rig/Skeleton3D/BoneAttachment3D/pointer/Gun_Pistol"]
