[gd_scene load_steps=22 format=3 uid="uid://dxnl4jurpfddl"]

[ext_resource type="Script" uid="uid://34cxhmcvug2m" path="res://entities/npc/npc_dummy.gd" id="1_wfx4m"]
[ext_resource type="PackedScene" uid="uid://btlcpec1pk0f4" path="res://entities/enemy/dummy.tscn" id="2_kfvlc"]
[ext_resource type="PackedScene" uid="uid://c6vlhijuot8ks" path="res://environment/dialogue_box.tscn" id="3_k0m3b"]
[ext_resource type="PackedScene" uid="uid://ebc4v13v0xiy" path="res://assets/ui/pointer.tscn" id="4_kfvlc"]
[ext_resource type="Script" uid="uid://ca88v61n8pibv" path="res://entities/npc/npc_dummy_interactable.gd" id="5_k0m3b"]

[sub_resource type="CapsuleShape3D" id="CapsuleShape3D_dwd6t"]
radius = 0.47802734
height = 2.4682617

[sub_resource type="AnimationNodeAnimation" id="AnimationNodeAnimation_wfx4m"]
animation = &"Idle"

[sub_resource type="AnimationNodeAnimation" id="AnimationNodeAnimation_k0m3b"]
animation = &"Sit_Chair_Down"

[sub_resource type="AnimationNodeAnimation" id="AnimationNodeAnimation_kr2yx"]
animation = &"Sit_Chair_Idle"

[sub_resource type="AnimationNodeAnimation" id="AnimationNodeAnimation_p43ok"]
animation = &"Sit_Chair_StandUp"

[sub_resource type="AnimationNodeAnimation" id="AnimationNodeAnimation_kfvlc"]
animation = &"Walking_C"

[sub_resource type="AnimationNodeStateMachineTransition" id="AnimationNodeStateMachineTransition_kfvlc"]
advance_mode = 2

[sub_resource type="AnimationNodeStateMachineTransition" id="AnimationNodeStateMachineTransition_k0m3b"]

[sub_resource type="AnimationNodeStateMachineTransition" id="AnimationNodeStateMachineTransition_p43ok"]

[sub_resource type="AnimationNodeStateMachineTransition" id="AnimationNodeStateMachineTransition_r8m0f"]
switch_mode = 2
advance_mode = 2

[sub_resource type="AnimationNodeStateMachineTransition" id="AnimationNodeStateMachineTransition_ixa2p"]

[sub_resource type="AnimationNodeStateMachineTransition" id="AnimationNodeStateMachineTransition_wfx4m"]
switch_mode = 2
advance_mode = 2

[sub_resource type="AnimationNodeStateMachineTransition" id="AnimationNodeStateMachineTransition_o4qnk"]

[sub_resource type="AnimationNodeStateMachine" id="AnimationNodeStateMachine_kfvlc"]
states/End/position = Vector2(1039, 100)
states/Idle/node = SubResource("AnimationNodeAnimation_wfx4m")
states/Idle/position = Vector2(436, 100)
states/Sit_Chair_Down/node = SubResource("AnimationNodeAnimation_k0m3b")
states/Sit_Chair_Down/position = Vector2(436, 279)
states/Sit_Chair_Idle/node = SubResource("AnimationNodeAnimation_kr2yx")
states/Sit_Chair_Idle/position = Vector2(610, 279)
states/Sit_Chair_StandUp/node = SubResource("AnimationNodeAnimation_p43ok")
states/Sit_Chair_StandUp/position = Vector2(610, 189)
states/Walking_C/node = SubResource("AnimationNodeAnimation_kfvlc")
states/Walking_C/position = Vector2(624, 100)
transitions = ["Start", "Idle", SubResource("AnimationNodeStateMachineTransition_kfvlc"), "Idle", "Walking_C", SubResource("AnimationNodeStateMachineTransition_k0m3b"), "Idle", "Sit_Chair_Down", SubResource("AnimationNodeStateMachineTransition_p43ok"), "Sit_Chair_Down", "Sit_Chair_Idle", SubResource("AnimationNodeStateMachineTransition_r8m0f"), "Sit_Chair_Idle", "Sit_Chair_StandUp", SubResource("AnimationNodeStateMachineTransition_ixa2p"), "Sit_Chair_StandUp", "Idle", SubResource("AnimationNodeStateMachineTransition_wfx4m"), "Walking_C", "Idle", SubResource("AnimationNodeStateMachineTransition_o4qnk")]
graph_offset = Vector2(-94, 30)

[sub_resource type="AnimationNodeBlendTree" id="AnimationNodeBlendTree_k0m3b"]
graph_offset = Vector2(-448, 64)
nodes/MovementStateMachine/node = SubResource("AnimationNodeStateMachine_kfvlc")
nodes/MovementStateMachine/position = Vector2(-240, 140)
node_connections = [&"output", 0, &"MovementStateMachine"]

[sub_resource type="SphereShape3D" id="SphereShape3D_svb3k"]
radius = 2.4835818

[node name="NpcDummy" type="CharacterBody3D" node_paths=PackedStringArray("dialogue_box", "area_col", "navigation_agent", "pointer")]
collision_layer = 32
collision_mask = 32
safe_margin = 0.5
script = ExtResource("1_wfx4m")
dialogue_box = NodePath("DialogueBox")
area_col = NodePath("Area3D/CollisionShape3D")
navigation_agent = NodePath("NavigationAgent3D")
pointer = NodePath("Pointer")

[node name="CollisionShape3D" type="CollisionShape3D" parent="."]
transform = Transform3D(1, 0, 0, 0, 1, 0, 0, 0, 1, 0, 1.2341309, 0)
shape = SubResource("CapsuleShape3D_dwd6t")

[node name="Dummy" parent="." node_paths=PackedStringArray("animationTree") instance=ExtResource("2_kfvlc")]
transform = Transform3D(-1, 0, -8.742278e-08, 0, 1, 0, 8.742278e-08, 0, -1, 0, 0, 0)
animationTree = NodePath("AnimationTree")

[node name="Skeleton3D" parent="Dummy/Rig" index="0"]
bones/0/rotation = Quaternion(0, 1.19209275e-07, 0, 1)
bones/1/position = Vector3(0, 0.39052182, 0)
bones/1/rotation = Quaternion(-1.11122646e-10, 0.043157756, 2.57241e-09, 0.9990683)
bones/2/rotation = Quaternion(-1.2390451e-17, 7.1054274e-15, -1.1209479e-16, 1)
bones/3/rotation = Quaternion(-5.451663e-18, -4.2351647e-22, -1.120948e-16, 1)
bones/4/position = Vector3(0.21200736, 0.13413203, 7.958496e-08)
bones/4/rotation = Quaternion(-0.5586197, -0.061624996, -0.6473986, 0.5148023)
bones/5/rotation = Quaternion(1.701542e-08, -3.666589e-08, -0.4889969, 0.8722856)
bones/7/rotation = Quaternion(-0.3199893, -0.32541728, 0.14271191, 0.87826186)
bones/8/position = Vector3(9.699541e-11, 0.09612522, -0.05750002)
bones/8/rotation = Quaternion(0.00047914853, 0.00047912268, -0.7053459, 0.7088631)
bones/9/position = Vector3(-0.21200739, 0.13413203, 8.3162696e-08)
bones/9/rotation = Quaternion(-0.61721516, 0.08148737, 0.6210495, 0.47613323)
bones/10/rotation = Quaternion(3.6577884e-08, 6.4901165e-08, 0.51247513, 0.8587021)
bones/12/rotation = Quaternion(-0.31825396, 0.3002964, -0.22432311, 0.8707558)
bones/13/position = Vector3(-1.0718092e-09, 0.096125156, -0.057500023)
bones/13/rotation = Quaternion(0.000872539, 0.0010277191, 0.7062014, 0.7080098)
bones/14/rotation = Quaternion(-5.80608e-11, -0.031341746, -1.880125e-09, 0.99950874)
bones/15/position = Vector3(0.17094505, 0.11358728, 1.0396902e-08)
bones/15/rotation = Quaternion(0.99357784, 0.083518706, 0.07405751, 0.018527381)
bones/16/rotation = Quaternion(0.21536118, 6.684827e-08, -1.4101599e-07, 0.9765345)
bones/17/rotation = Quaternion(-0.527836, -0.20891102, 0.04664924, 0.8219301)
bones/18/rotation = Quaternion(8.4492494e-05, 0.9202333, -0.3913702, -1.9066214e-05)
bones/19/position = Vector3(-0.17094505, 0.11358728, 1.499408e-08)
bones/19/rotation = Quaternion(0.9969686, -0.029757716, 0.031384025, 0.06467735)
bones/20/rotation = Quaternion(0.2884845, -6.3841306e-08, 2.0048529e-07, 0.95748454)
bones/21/rotation = Quaternion(-0.5667342, 0.11441733, -0.009830218, 0.8158581)
bones/22/rotation = Quaternion(-8.9349276e-05, 0.9202217, -0.39139766, 2.0291838e-05)
bones/23/position = Vector3(0.17094491, 0.2923103, 0.5758125)
bones/23/rotation = Quaternion(0.7071068, -2.2930234e-07, -4.6055156e-08, 0.7071068)
bones/24/position = Vector3(0.20218208, 0.025990263, 0.20518115)
bones/24/rotation = Quaternion(-0.7071068, -7.052851e-08, -7.0528486e-08, 0.7071068)
bones/25/position = Vector3(2.5596094e-08, 0.36283267, -2.4286129e-15)
bones/25/rotation = Quaternion(9.6579225e-09, 1.7795516e-09, 0.98571914, -0.1683977)
bones/26/position = Vector3(-1.5574136e-08, 0.21343614, -1.0534966e-08)
bones/26/rotation = Quaternion(-1.02578326e-07, 0.39108434, 0.92035484, -3.295464e-08)
bones/27/position = Vector3(2.5820137e-09, 0.16565005, -1.960292e-08)
bones/28/rotation = Quaternion(1, 1.0206753e-09, 1.9196605e-07, 1.0244548e-08)
bones/30/position = Vector3(-0.17094518, 0.2923103, 0.5758124)
bones/30/rotation = Quaternion(0.7071068, -3.82385e-08, 1.4500867e-07, 0.7071068)
bones/31/position = Vector3(-0.1709451, 0.025990263, 0.2457893)
bones/31/rotation = Quaternion(-0.7071068, -7.0528515e-08, -7.05285e-08, 0.7071068)
bones/32/position = Vector3(2.4015051e-08, 0.36283267, 2.4286129e-15)
bones/32/rotation = Quaternion(-5.8358944e-09, 6.4383693e-10, 0.9948094, 0.10175614)
bones/33/position = Vector3(5.9619847e-09, 0.21343614, -3.9266137e-09)
bones/33/rotation = Quaternion(-1.0060663e-07, 0.39108434, 0.92035484, -2.8069156e-08)
bones/34/position = Vector3(1.9620735e-08, 0.16565004, 2.8212537e-09)
bones/35/rotation = Quaternion(1, -4.058572e-09, 1.907939e-07, -6.519259e-09)
bones/37/position = Vector3(0.45350748, 1.1067611, -0.5888594)
bones/37/rotation = Quaternion(-0.7071068, -7.279511e-08, -7.279509e-08, 0.7071068)
bones/38/position = Vector3(0.5208407, 0.78445584, -0.057637352)
bones/38/rotation = Quaternion(-0.7946268, 1.2665987e-07, -0.60709834, 2.2351742e-08)
bones/39/position = Vector3(-0.45350718, 1.1067611, -0.5888596)
bones/39/rotation = Quaternion(-0.7071068, -7.279511e-08, -7.279509e-08, 0.7071068)
bones/40/position = Vector3(-0.5108437, 0.7844557, 0.05973692)
bones/40/rotation = Quaternion(-0.7582528, -1.0803343e-07, 0.6519608, 4.842878e-08)

[node name="head" parent="Dummy/Rig/Skeleton3D" index="0"]
transform = Transform3D(0.9997204, -1.4014344e-09, 0.023646597, 1.3934143e-09, 0.99999994, 3.5568645e-10, -0.023646597, -3.2263747e-10, 0.9997204, -4.303854e-09, 1.2262838, 1.5463912e-15)
visible = true

[node name="chest" parent="Dummy/Rig/Skeleton3D" index="1"]
transform = Transform3D(0.9962748, -5.1496163e-09, 0.08623532, 5.130434e-09, 0.99999994, 4.440771e-10, -0.08623532, 1.8196805e-15, 0.9962748, -2.9196552e-09, 0.9574873, 1.0572674e-15)
visible = true

[node name="Dummy_ArmLeft" parent="Dummy/Rig/Skeleton3D" index="2"]
visible = true

[node name="Dummy_ArmRight" parent="Dummy/Rig/Skeleton3D" index="3"]
visible = true

[node name="Dummy_Body" parent="Dummy/Rig/Skeleton3D" index="4"]
visible = true

[node name="Dummy_Head" parent="Dummy/Rig/Skeleton3D" index="5"]
visible = true

[node name="Dummy_LegLeft" parent="Dummy/Rig/Skeleton3D" index="6"]
visible = true

[node name="Dummy_LegRight" parent="Dummy/Rig/Skeleton3D" index="7"]
visible = true

[node name="BoneAttachment3D" parent="Dummy/Rig/Skeleton3D" index="8"]
transform = Transform3D(0.0006059793, -0.15255216, -0.98829514, -0.9999964, -0.0025568954, -0.00021828804, -0.0024937973, 0.98829186, -0.152553, -0.49106726, 0.63687366, 0.10618601)

[node name="Physical Bone root" parent="Dummy/Rig/Skeleton3D/PhysicalBoneSimulator3D" index="0"]
transform = Transform3D(0.96592665, -0.2588161, -1.00753894e-07, -1.0430813e-07, -3.9435122e-13, -1, 0.2588161, 0.96592665, -2.6997e-08, 0, 0, 0)
body_offset = Transform3D(0.9659266, -0.25881633, -1.0075389e-07, -1.0430813e-07, -3.9435122e-13, -1, 0.25881633, 0.9659266, -2.6997025e-08, 0, 0, 0)

[node name="Physical Bone hips" parent="Dummy/Rig/Skeleton3D/PhysicalBoneSimulator3D" index="1"]
transform = Transform3D(0.9962749, 0.08623432, -2.6806384e-07, -2.6835443e-07, -8.222679e-09, -1, -0.08623432, 0.9962749, 1.4949315e-08, -1.02644925e-07, 0.48650926, -1.4794664e-10)
joint_offset = Transform3D(1, 0, 0, 0, 1, 0, 0, 0, 1, 1.2800845e-07, 9.788185e-09, 0.09598744)
body_offset = Transform3D(0.99999994, -9.983778e-07, -2.7348477e-07, -2.7348483e-07, -8.66675e-09, -1, 9.983778e-07, 0.99999994, -8.667023e-09, -1.0175733e-07, 0.09598744, -8.956388e-09)

[node name="Physical Bone spine" parent="Dummy/Rig/Skeleton3D/PhysicalBoneSimulator3D" index="2"]
transform = Transform3D(0.9962753, 0.086229816, -3.8372482e-07, -2.629923e-07, -1.411485e-06, -1, -0.086229816, 0.9962753, -1.3835497e-06, 2.037628e-06, 0.7695016, 3.4911538e-13)
joint_offset = Transform3D(1, 0, 0, 0, 1, 0, 0, 0, 1, -1.981843e-06, 8.816103e-08, 0.1870023)
body_offset = Transform3D(1, -5.528331e-06, -2.681149e-07, -2.6812273e-07, -1.411929e-06, -1, 5.528331e-06, 1, -1.4119304e-06, 2.0319817e-06, 0.1870023, 1.7588415e-07)

[node name="Physical Bone chest" parent="Dummy/Rig/Skeleton3D/PhysicalBoneSimulator3D" index="3"]
transform = Transform3D(0.08623543, -0.5339045, -0.84113586, -1.9378187e-07, 0.8442809, -0.5359009, 0.9962748, 0.0462138, 0.07280682, 0.10695481, 1.004102, -0.0092797745)
joint_offset = Transform3D(1, 0, 0, 0, 1, 0, 0, 0, 1, 2.1921163e-05, 0.018176608, 0.11562001)
body_offset = Transform3D(1.0430813e-07, -0.5359009, -0.84428096, -1.9422596e-07, 0.8442811, -0.53590095, 1, 2.1979213e-07, -2.2351742e-08, 0.10735663, 0.046614707, -2.1922575e-05)

[node name="Physical Bone upperarm_l" parent="Dummy/Rig/Skeleton3D/PhysicalBoneSimulator3D" index="4"]
transform = Transform3D(0.21325596, 0.693086, -0.68858826, -0.6033734, 0.64776236, 0.46512848, 0.7684155, 0.31628442, 0.55632883, 0.2975949, 1.0334008, -0.088396795)
joint_offset = Transform3D(1, 0, 0, 0, 1, 0, 0, 0, 1, 0.000328977, 2.0924752e-05, 0.1255641)
body_offset = Transform3D(0.9999486, 0.009994939, -0.0018207133, -0.0018461347, 0.0025476813, -0.99999547, -0.009990394, 0.99994695, 0.0025662482, -0.000100553036, 0.12556408, -0.00033986568)

[node name="Physical Bone lowerarm_l" parent="Dummy/Rig/Skeleton3D/PhysicalBoneSimulator3D" index="5"]
transform = Transform3D(-0.47415197, 0.6958657, -0.53939867, 0.08817421, 0.6470949, 0.7572935, 0.87601674, 0.31151113, -0.36817876, 0.45133573, 0.8789869, -0.10395822)
joint_offset = Transform3D(1, 0, 0, 0, 1, 0, 0, 0, 1, 0.00063872203, -0.0010097479, 0.13387853)
body_offset = Transform3D(0.99998343, -0.0025152862, -0.005248815, -0.005223185, 0.010132521, -0.99993557, 0.0025683343, 0.9999456, 0.010119416, 6.145239e-05, 0.13388348, -0.00034672022)

[node name="Physical Bone wrist_l" parent="Dummy/Rig/Skeleton3D/PhysicalBoneSimulator3D" index="6"]
transform = Transform3D(-0.44241333, 0.69033325, -0.5724601, 0.043443907, 0.6540763, 0.75518006, 0.89575833, 0.30923182, -0.31936285, 0.54270697, 0.7556848, -0.045374494)
joint_offset = Transform3D(1, 0, 0, 0, 1, 0, 0, 0, 1, -6.6016655e-05, -6.8591384e-05, 0.038145516)
body_offset = Transform3D(0.9999995, -0.0012649, -0.0002619326, -0.0002606511, 0.001084812, -0.9999999, 0.0012652278, 0.9999987, 0.0010846853, 7.5921416e-05, 0.038145572, 2.7298927e-05)

[node name="Physical Bone hand_l" parent="Dummy/Rig/Skeleton3D/PhysicalBoneSimulator3D" index="7"]
transform = Transform3D(0.26455787, 0.8341056, 0.4840217, 0.00023109508, -0.5019595, 0.8648911, 0.96436983, -0.22870187, -0.13299008, 0.533929, 0.68261033, -0.02578648)
joint_offset = Transform3D(1, 0, 0, 0, 1, 0, 0, 0, 1, -0.00022260859, 0.0031302795, 0.055156756)
body_offset = Transform3D(0.9999986, -0.0014012456, -0.0010800064, -0.00023056268, 0.5019577, -0.8648924, 0.0017538667, 0.8648915, 0.50195634, 0.00028656423, 0.04613334, -0.030393243)

[node name="Physical Bone upperarm_r" parent="Dummy/Rig/Skeleton3D/PhysicalBoneSimulator3D" index="8"]
transform = Transform3D(0.13567032, -0.6689016, 0.73086536, 0.48963436, 0.6865721, 0.5374728, -0.86130816, 0.28493774, 0.42066464, -0.30078453, 1.0263349, -0.033871565)
joint_offset = Transform3D(1, 0, 0, 0, 1, 0, 0, 0, 1, -0.0008037428, -0.00022829998, 0.12248935)
body_offset = Transform3D(0.9999801, -0.0027606636, 0.0057399273, 0.0057452917, 0.0019456521, -0.9999819, 0.0027495027, 0.99999446, 0.0019616708, 0.000100016594, 0.122492194, -9.775162e-06)

[node name="Physical Bone lowerarm_r" parent="Dummy/Rig/Skeleton3D/PhysicalBoneSimulator3D" index="9"]
transform = Transform3D(-0.58099926, -0.6612315, 0.47456592, -0.22632077, 0.6913302, 0.6861789, -0.7818049, 0.29126528, -0.5513127, -0.45105723, 0.87075, -0.010321053)
joint_offset = Transform3D(1, 0, 0, 0, 1, 0, 0, 0, 1, 0.00067361013, 0.0002845661, 0.13381019)
body_offset = Transform3D(0.9999392, -0.0100937635, -0.004503995, -0.004504502, -1.5705824e-05, -0.9999901, 0.010093555, 0.9999492, -6.105006e-05, -6.801635e-05, 0.13381192, -0.00028318167)

[node name="Physical Bone wrist_r" parent="Dummy/Rig/Skeleton3D/PhysicalBoneSimulator3D" index="10"]
transform = Transform3D(-0.56914246, -0.65950596, 0.49104875, -0.20814674, 0.69331855, 0.68991625, -0.79545707, 0.29045042, -0.53187096, -0.5299301, 0.7580606, 0.079021946)
joint_offset = Transform3D(1, 0, 0, 0, 1, 0, 0, 0, 1, -0.0010092477, 0.00011142253, 0.037818566)
body_offset = Transform3D(0.99967283, -0.01076448, 0.023219347, 0.023185879, -0.0032228678, -0.99972636, 0.010836378, 0.99993706, -0.0029720813, 0.00013199449, 0.037831977, 1.1920929e-05)

[node name="Physical Bone hand_r" parent="Dummy/Rig/Skeleton3D/PhysicalBoneSimulator3D" index="11"]
transform = Transform3D(0.15024921, -0.85535496, -0.4957753, 0.0003307998, -0.5014244, 0.8652014, -0.9886482, -0.13015983, -0.07505566, -0.5186033, 0.6925022, 0.10198238)
joint_offset = Transform3D(1, 0, 0, 0, 1, 0, 0, 0, 1, -2.5692956e-05, 0.005343128, 0.049902413)
body_offset = Transform3D(1.0000001, 0.00047506392, -0.00010783225, -0.00033160375, 0.5014225, -0.8652027, -0.0003567487, 0.8652027, 0.50142246, 2.8535724e-05, 0.04049653, -0.029645085)

[node name="Physical Bone upperleg_l" parent="Dummy/Rig/Skeleton3D/PhysicalBoneSimulator3D" index="12"]
transform = Transform3D(0.98384297, 0.06373054, -0.16730681, 0.16916956, -0.025010843, 0.9852696, 0.058607273, -0.9976538, -0.035388004, 0.18777558, 0.3952728, -0.011097806)
joint_offset = Transform3D(1, 0, 0, 0, 1, 0, 0, 0, 1, 0.0010131247, -0.00020015426, 0.11028443)
body_offset = Transform3D(0.9999996, -0.00082341954, -0.0004884009, -0.00048807007, 0.00043183565, -1, 0.0008236058, 0.99999946, 0.00043144077, -0.00095942616, 0.110285014, 0.00015173852)

[node name="Physical Bone lowerleg_l" parent="Dummy/Rig/Skeleton3D/PhysicalBoneSimulator3D" index="13"]
transform = Transform3D(0.9836432, -0.014082545, -0.17957678, 0.17035009, 0.39672613, 0.90199184, 0.058540456, -0.91782904, 0.39263588, 0.22077192, 0.21291348, -0.035221796)
joint_offset = Transform3D(1, 0, 0, 0, 1, 0, 0, 0, 1, 0.00078279845, 0.0008559049, 0.07424573)
body_offset = Transform3D(0.9999983, -0.0014855638, -0.001165526, -0.0011732988, -0.005200833, -0.99998593, 0.0014794618, 0.9999852, -0.0052022934, -0.00069499016, 0.07425006, -0.0004708022)

[node name="Physical Bone foot_l" parent="Dummy/Rig/Skeleton3D/PhysicalBoneSimulator3D" index="14"]
transform = Transform3D(0.94285643, -0.241167, -0.2299136, -0.002797662, -0.69572395, 0.71830386, -0.33318758, -0.67661417, -0.65664244, 0.2540226, 0.08537397, -0.009951755)
joint_offset = Transform3D(1, 0, 0, 0, 1, 0, 0, 0, 1, 4.3208824e-05, 7.470373e-05, 0.08339969)
body_offset = Transform3D(0.9999955, -0.0028644651, 0.00095690787, 0.0009648353, 0.002720207, -0.99999607, 0.0028617978, 0.9999923, 0.0027225912, -0.00012280047, 0.08339912, -0.00030189008)

[node name="Physical Bone upperleg_r" parent="Dummy/Rig/Skeleton3D/PhysicalBoneSimulator3D" index="15"]
transform = Transform3D(0.99827677, -0.02682329, 0.052192453, -0.055268195, -0.13084403, 0.98986125, -0.019722264, -0.99104005, -0.13210103, -0.17625707, 0.39280722, 0.029203478)
joint_offset = Transform3D(1, 0, 0, 0, 1, 0, 0, 0, 1, 7.2346375e-05, -0.00039036942, 0.11239434)
body_offset = Transform3D(1, 1.1689961e-05, -5.671289e-06, -5.670823e-06, 1.3127923e-05, -1.0000001, -1.1689961e-05, 0.99999964, 1.3098121e-05, -7.170439e-05, 0.11239436, 0.00038889796)

[node name="Physical Bone lowerleg_r" parent="Dummy/Rig/Skeleton3D/PhysicalBoneSimulator3D" index="16"]
transform = Transform3D(0.99831444, 0.006190512, 0.057706635, -0.054518916, 0.4409762, 0.8958614, -0.019901413, -0.8974974, 0.4405704, -0.18697278, 0.21213773, 0.012204198)
joint_offset = Transform3D(1, 0, 0, 0, 1, 0, 0, 0, 1, 0.0004924548, 0.0004645695, 0.074808285)
body_offset = Transform3D(0.9999997, -0.00048485585, -0.0006061299, -0.0006078342, -0.0035301745, -0.99999356, 0.0004827138, 0.9999935, -0.0035299659, -0.00044688582, 0.07480973, -0.00020073354)

[node name="Physical Bone foot_r" parent="Dummy/Rig/Skeleton3D/PhysicalBoneSimulator3D" index="17"]
transform = Transform3D(0.9794723, 0.14726566, 0.1376479, 0.0032554725, -0.6943154, 0.7196635, 0.20155278, -0.7044423, -0.68054205, -0.20255235, 0.084831744, 0.036787447)
joint_offset = Transform3D(1, 0, 0, 0, 1, 0, 0, 0, 1, 5.873353e-05, 0.00022690544, 0.084147036)
body_offset = Transform3D(0.9999946, 0.0015976429, -0.0028418303, -0.00284338, 0.00090149045, -0.9999956, -0.0015949905, 0.99999833, 0.00090551376, 0.00018003583, 0.08414662, -0.00030300766)

[node name="Physical Bone head" parent="Dummy/Rig/Skeleton3D/PhysicalBoneSimulator3D" index="18"]
transform = Transform3D(0.9997204, 3.0147967e-07, 0.023647461, -2.5331974e-07, 1, -2.039575e-06, -0.023647461, 2.0330142e-06, 0.9997204, 5.5368314e-08, 1.2262818, 7.334041e-13)
joint_offset = Transform3D(1, 0, 0, 0, 0.99999964, 0, 0, 0, 0.99999964, -5.9655974e-08, 2.0265577e-06, -1.41596e-09)
body_offset = Transform3D(1.0000001, 2.5471493e-07, 8.6426735e-07, -2.547132e-07, 1.0000001, -2.0399311e-06, -8.6426735e-07, 2.0399305e-06, 1.0000001, 5.965546e-08, -2.026558e-06, 1.4117747e-09)

[node name="AnimationTree" type="AnimationTree" parent="Dummy"]
tree_root = SubResource("AnimationNodeBlendTree_k0m3b")
anim_player = NodePath("../AnimationPlayer")

[node name="Area3D" type="Area3D" parent="."]
collision_mask = 2

[node name="CollisionShape3D" type="CollisionShape3D" parent="Area3D"]
shape = SubResource("SphereShape3D_svb3k")
disabled = true

[node name="DialogueBox" parent="." instance=ExtResource("3_k0m3b")]
transform = Transform3D(1, 0, 0, 0, 1, 0, 0, 0, 1, 0, 2.8827615, -0.43405917)
visible = false

[node name="NavigationAgent3D" type="NavigationAgent3D" parent="."]
target_desired_distance = 0.1

[node name="Pointer" parent="." instance=ExtResource("4_kfvlc")]
transform = Transform3D(1, 0, 0, 0, 1, 0, 0, 0, 1, 0, 2.6577318, 0)
visible = false

[node name="Interactable" type="Node3D" parent="." node_paths=PackedStringArray("npc_dummy")]
script = ExtResource("5_k0m3b")
npc_dummy = NodePath("..")

[connection signal="body_entered" from="Area3D" to="." method="_on_area_3d_body_entered"]
[connection signal="body_exited" from="Area3D" to="." method="_on_area_3d_body_exited"]

[editable path="Dummy"]
[editable path="Dummy/Rig/Skeleton3D/BoneAttachment3D/pointer/pew"]
[editable path="Dummy/Rig/Skeleton3D/BoneAttachment3D/pointer/Gun_Pistol"]
