[gd_scene load_steps=20 format=3 uid="uid://dxnl4jurpfddl"]

[ext_resource type="Script" uid="uid://34cxhmcvug2m" path="res://entities/npc/npc_dummy.gd" id="1_wfx4m"]
[ext_resource type="PackedScene" uid="uid://btlcpec1pk0f4" path="res://entities/enemy/dummy.tscn" id="2_kfvlc"]
[ext_resource type="PackedScene" uid="uid://c6vlhijuot8ks" path="res://environment/dialogue_box.tscn" id="3_k0m3b"]

[sub_resource type="CapsuleShape3D" id="CapsuleShape3D_dwd6t"]
radius = 0.47802734
height = 2.4682617

[sub_resource type="AnimationNodeAnimation" id="AnimationNodeAnimation_wfx4m"]
animation = &"Idle"

[sub_resource type="AnimationNodeAnimation" id="AnimationNodeAnimation_k0m3b"]
animation = &"Sit_Chair_Down"

[sub_resource type="AnimationNodeAnimation" id="AnimationNodeAnimation_kr2yx"]
animation = &"Sit_Chair_Idle"

[sub_resource type="AnimationNodeAnimation" id="AnimationNodeAnimation_p43ok"]
animation = &"Sit_Chair_StandUp"

[sub_resource type="AnimationNodeAnimation" id="AnimationNodeAnimation_kfvlc"]
animation = &"Walking_C"

[sub_resource type="AnimationNodeStateMachineTransition" id="AnimationNodeStateMachineTransition_kfvlc"]
advance_mode = 2

[sub_resource type="AnimationNodeStateMachineTransition" id="AnimationNodeStateMachineTransition_k0m3b"]

[sub_resource type="AnimationNodeStateMachineTransition" id="AnimationNodeStateMachineTransition_p43ok"]

[sub_resource type="AnimationNodeStateMachineTransition" id="AnimationNodeStateMachineTransition_r8m0f"]
switch_mode = 2
advance_mode = 2

[sub_resource type="AnimationNodeStateMachineTransition" id="AnimationNodeStateMachineTransition_ixa2p"]

[sub_resource type="AnimationNodeStateMachineTransition" id="AnimationNodeStateMachineTransition_wfx4m"]
switch_mode = 2
advance_mode = 2

[sub_resource type="AnimationNodeStateMachineTransition" id="AnimationNodeStateMachineTransition_o4qnk"]

[sub_resource type="AnimationNodeStateMachine" id="AnimationNodeStateMachine_kfvlc"]
states/End/position = Vector2(1039, 100)
states/Idle/node = SubResource("AnimationNodeAnimation_wfx4m")
states/Idle/position = Vector2(436, 100)
states/Sit_Chair_Down/node = SubResource("AnimationNodeAnimation_k0m3b")
states/Sit_Chair_Down/position = Vector2(436, 279)
states/Sit_Chair_Idle/node = SubResource("AnimationNodeAnimation_kr2yx")
states/Sit_Chair_Idle/position = Vector2(610, 279)
states/Sit_Chair_StandUp/node = SubResource("AnimationNodeAnimation_p43ok")
states/Sit_Chair_StandUp/position = Vector2(610, 189)
states/Walking_C/node = SubResource("AnimationNodeAnimation_kfvlc")
states/Walking_C/position = Vector2(624, 100)
transitions = ["Start", "Idle", SubResource("AnimationNodeStateMachineTransition_kfvlc"), "Idle", "Walking_C", SubResource("AnimationNodeStateMachineTransition_k0m3b"), "Idle", "Sit_Chair_Down", SubResource("AnimationNodeStateMachineTransition_p43ok"), "Sit_Chair_Down", "Sit_Chair_Idle", SubResource("AnimationNodeStateMachineTransition_r8m0f"), "Sit_Chair_Idle", "Sit_Chair_StandUp", SubResource("AnimationNodeStateMachineTransition_ixa2p"), "Sit_Chair_StandUp", "Idle", SubResource("AnimationNodeStateMachineTransition_wfx4m"), "Walking_C", "Idle", SubResource("AnimationNodeStateMachineTransition_o4qnk")]
graph_offset = Vector2(-94, 30)

[sub_resource type="AnimationNodeBlendTree" id="AnimationNodeBlendTree_k0m3b"]
graph_offset = Vector2(-448, 64)
nodes/MovementStateMachine/node = SubResource("AnimationNodeStateMachine_kfvlc")
nodes/MovementStateMachine/position = Vector2(-240, 140)
node_connections = [&"output", 0, &"MovementStateMachine"]

[sub_resource type="SphereShape3D" id="SphereShape3D_svb3k"]
radius = 2.4835818

[node name="NpcDummy" type="CharacterBody3D" node_paths=PackedStringArray("dialogue_box", "area_col", "navigation_agent")]
collision_layer = 32
collision_mask = 32
safe_margin = 0.5
script = ExtResource("1_wfx4m")
dialogue_box = NodePath("DialogueBox")
area_col = NodePath("Area3D/CollisionShape3D")
navigation_agent = NodePath("NavigationAgent3D")

[node name="CollisionShape3D" type="CollisionShape3D" parent="."]
transform = Transform3D(1, 0, 0, 0, 1, 0, 0, 0, 1, 0, 1.2341309, 0)
shape = SubResource("CapsuleShape3D_dwd6t")

[node name="Dummy" parent="." node_paths=PackedStringArray("animationTree") instance=ExtResource("2_kfvlc")]
animationTree = NodePath("AnimationTree")

[node name="Skeleton3D" parent="Dummy/Rig" index="0"]
bones/0/rotation = Quaternion(0, 1.19209275e-07, 0, 1)
bones/1/position = Vector3(0, 0.38652784, 0)
bones/1/rotation = Quaternion(-1.11122646e-10, 0.043157756, 2.57241e-09, 0.9990683)
bones/2/rotation = Quaternion(-1.2390451e-17, 7.1054274e-15, -1.1209479e-16, 1)
bones/3/rotation = Quaternion(-5.451663e-18, -4.2351647e-22, -1.120948e-16, 1)
bones/4/position = Vector3(0.21200736, 0.13413203, 7.958496e-08)
bones/4/rotation = Quaternion(-0.5557225, -0.063037075, -0.6540833, 0.5092876)
bones/5/rotation = Quaternion(9.467847e-09, -6.725805e-08, -0.47798565, 0.87836766)
bones/7/rotation = Quaternion(-0.31791636, -0.3260796, 0.1367034, 0.87972355)
bones/8/position = Vector3(9.699541e-11, 0.09612522, -0.05750002)
bones/8/rotation = Quaternion(0.0013544336, 0.0013544325, -0.7021167, 0.7120594)
bones/9/position = Vector3(-0.21200739, 0.13413203, 8.3162696e-08)
bones/9/rotation = Quaternion(-0.6148356, 0.08295594, 0.62701577, 0.47111222)
bones/10/rotation = Quaternion(2.3128052e-08, 5.9456173e-08, 0.50197583, 0.86488175)
bones/12/rotation = Quaternion(-0.31627366, 0.3003499, -0.21831083, 0.87298423)
bones/13/position = Vector3(-1.0718092e-09, 0.096125156, -0.057500023)
bones/13/rotation = Quaternion(0.0027574722, 0.0032478946, 0.7042367, 0.70995253)
bones/14/rotation = Quaternion(-5.80608e-11, -0.031341746, -1.880125e-09, 0.99950874)
bones/15/position = Vector3(0.17094505, 0.11358728, 1.0396902e-08)
bones/15/rotation = Quaternion(0.9930493, 0.083211966, 0.07526896, 0.035546802)
bones/16/rotation = Quaternion(0.25966412, 6.561361e-08, -1.7956827e-07, 0.9656991)
bones/17/rotation = Quaternion(-0.55085266, -0.20741266, 0.053556338, 0.80664307)
bones/18/rotation = Quaternion(5.585924e-05, 0.9202077, -0.39143068, -1.2587185e-05)
bones/19/position = Vector3(-0.17094505, 0.11358728, 1.499408e-08)
bones/19/rotation = Quaternion(0.99600035, -0.030499488, 0.031034844, 0.0780392)
bones/20/rotation = Quaternion(0.32287455, -6.4111404e-08, 2.2579914e-07, 0.9464418)
bones/21/rotation = Quaternion(-0.5850371, 0.114134006, -0.012746355, 0.80283403)
bones/22/rotation = Quaternion(-8.9349276e-05, 0.9202217, -0.39139766, 2.0291838e-05)
bones/23/position = Vector3(0.17094491, 0.2923103, 0.5758125)
bones/23/rotation = Quaternion(0.7071068, -2.2930234e-07, -4.6055156e-08, 0.7071068)
bones/24/position = Vector3(0.20218208, 0.025990263, 0.20518115)
bones/24/rotation = Quaternion(-0.7071068, -7.052851e-08, -7.0528486e-08, 0.7071068)
bones/25/position = Vector3(2.5596094e-08, 0.36283267, -2.4286129e-15)
bones/25/rotation = Quaternion(9.6579225e-09, 1.7795516e-09, 0.98571914, -0.1683977)
bones/26/position = Vector3(-1.5574136e-08, 0.21343614, -1.0534966e-08)
bones/26/rotation = Quaternion(-1.02578326e-07, 0.39108434, 0.92035484, -3.295464e-08)
bones/27/position = Vector3(2.5820137e-09, 0.16565005, -1.960292e-08)
bones/28/rotation = Quaternion(1, 1.0206753e-09, 1.9196605e-07, 1.0244548e-08)
bones/30/position = Vector3(-0.17094518, 0.2923103, 0.5758124)
bones/30/rotation = Quaternion(0.7071068, -3.82385e-08, 1.4500867e-07, 0.7071068)
bones/31/position = Vector3(-0.1709451, 0.025990263, 0.2457893)
bones/31/rotation = Quaternion(-0.7071068, -7.0528515e-08, -7.05285e-08, 0.7071068)
bones/32/position = Vector3(2.4015051e-08, 0.36283267, 2.4286129e-15)
bones/32/rotation = Quaternion(-5.8358944e-09, 6.4383693e-10, 0.9948094, 0.10175614)
bones/33/position = Vector3(5.9619847e-09, 0.21343614, -3.9266137e-09)
bones/33/rotation = Quaternion(-1.0060663e-07, 0.39108434, 0.92035484, -2.8069156e-08)
bones/34/position = Vector3(1.9620735e-08, 0.16565004, 2.8212537e-09)
bones/35/rotation = Quaternion(1, -4.058572e-09, 1.907939e-07, -6.519259e-09)
bones/37/position = Vector3(0.45350748, 1.1067611, -0.5888594)
bones/37/rotation = Quaternion(-0.7071068, -7.279511e-08, -7.279509e-08, 0.7071068)
bones/38/position = Vector3(0.5208407, 0.77612495, -0.057637356)
bones/38/rotation = Quaternion(-0.7946268, 1.2665987e-07, -0.60709834, 2.2351742e-08)
bones/39/position = Vector3(-0.45350718, 1.1067611, -0.5888596)
bones/39/rotation = Quaternion(-0.7071068, -7.279511e-08, -7.279509e-08, 0.7071068)
bones/40/position = Vector3(-0.5108437, 0.7761249, 0.059736915)
bones/40/rotation = Quaternion(-0.7582528, -1.0803343e-07, 0.6519608, 4.842878e-08)

[node name="head" parent="Dummy/Rig/Skeleton3D" index="0"]
transform = Transform3D(0.9997204, -1.4014344e-09, 0.023646597, 1.3934143e-09, 0.99999994, 3.5568645e-10, -0.023646597, -3.2263747e-10, 0.9997204, -4.303854e-09, 1.2222898, 1.5463912e-15)
visible = true

[node name="chest" parent="Dummy/Rig/Skeleton3D" index="1"]
transform = Transform3D(0.9962748, -5.1496163e-09, 0.08623532, 5.130434e-09, 0.99999994, 4.440771e-10, -0.08623532, 1.8196805e-15, 0.9962748, -2.9196552e-09, 0.9534933, 1.0572674e-15)
visible = true

[node name="Dummy_ArmLeft" parent="Dummy/Rig/Skeleton3D" index="2"]
visible = true

[node name="Dummy_ArmRight" parent="Dummy/Rig/Skeleton3D" index="3"]
visible = true

[node name="Dummy_Body" parent="Dummy/Rig/Skeleton3D" index="4"]
visible = true

[node name="Dummy_Head" parent="Dummy/Rig/Skeleton3D" index="5"]
visible = true

[node name="Dummy_LegLeft" parent="Dummy/Rig/Skeleton3D" index="6"]
visible = true

[node name="Dummy_LegRight" parent="Dummy/Rig/Skeleton3D" index="7"]
visible = true

[node name="BoneAttachment3D" parent="Dummy/Rig/Skeleton3D" index="8"]
transform = Transform3D(0.0019314692, -0.15827796, -0.9873925, -0.99996674, -0.0080865305, -0.00065945997, -0.007880293, 0.98736113, -0.1582884, -0.49105984, 0.62796664, 0.105389915)

[node name="Physical Bone root" parent="Dummy/Rig/Skeleton3D/PhysicalBoneSimulator3D" index="0"]
transform = Transform3D(0.96592665, -0.2588161, -1.00753894e-07, -1.0430813e-07, -3.9435122e-13, -1, 0.2588161, 0.96592665, -2.6997002e-08, 0, 0, 0)
body_offset = Transform3D(0.9659266, -0.25881633, -1.0075389e-07, -1.0430813e-07, -3.9435122e-13, -1, 0.25881633, 0.9659266, -2.6997027e-08, 0, 0, 0)

[node name="Physical Bone hips" parent="Dummy/Rig/Skeleton3D/PhysicalBoneSimulator3D" index="1"]
transform = Transform3D(0.9962749, 0.08623432, -2.5569855e-07, -2.5599567e-07, -7.61286e-09, -1, -0.08623432, 0.9962749, 1.44911105e-08, -1.0402113e-07, 0.48251528, -3.3318237e-11)
joint_offset = Transform3D(1, 0, 0, 0, 1, 0, 0, 0, 1, 1.2820313e-07, 9.734125e-09, 0.09598744)
body_offset = Transform3D(0.99999994, -9.983778e-07, -2.6112605e-07, -2.6112608e-07, -8.05693e-09, -1, 9.983778e-07, 0.99999994, -8.057192e-09, -1.031383e-07, 0.09598744, -8.960863e-09)

[node name="Physical Bone spine" parent="Dummy/Rig/Skeleton3D/PhysicalBoneSimulator3D" index="2"]
transform = Transform3D(0.9962753, 0.086229816, -3.7412792e-07, -2.5583682e-07, -1.382863e-06, -1, -0.086229816, 0.9962753, -1.3556514e-06, 2.037628e-06, 0.76550764, 3.5563496e-13)
joint_offset = Transform3D(1, 0, 0, 0, 1, 0, 0, 0, 1, -1.9831812e-06, 8.280864e-08, 0.1870023)
body_offset = Transform3D(0.99999994, -5.528331e-06, -2.6095955e-07, -2.6096723e-07, -1.383307e-06, -1, 5.528331e-06, 0.99999994, -1.3833082e-06, 2.0319817e-06, 0.1870023, 1.7588414e-07)

[node name="Physical Bone chest" parent="Dummy/Rig/Skeleton3D/PhysicalBoneSimulator3D" index="3"]
transform = Transform3D(0.08623543, -0.53390455, -0.84113586, -1.876025e-07, 0.84428096, -0.5359009, 0.9962748, 0.0462138, 0.07280683, 0.10695481, 1.0036623, -0.009279773)
joint_offset = Transform3D(1, 0, 0, 0, 1, 0, 0, 0, 1, 2.1920114e-05, 0.015175741, 0.11752477)
body_offset = Transform3D(1.0430813e-07, -0.5359009, -0.84428096, -1.8804658e-07, 0.844281, -0.53590095, 1, 2.1606684e-07, -1.4901161e-08, 0.10735663, 0.05016905, -2.1921642e-05)

[node name="Physical Bone upperarm_l" parent="Dummy/Rig/Skeleton3D/PhysicalBoneSimulator3D" index="4"]
transform = Transform3D(0.19850187, 0.6953808, -0.6906827, -0.59986395, 0.6434969, 0.47547343, 0.77508724, 0.3199333, 0.54486924, 0.29715437, 1.0285035, -0.086276956)
joint_offset = Transform3D(1, 0, 0, 0, 1, 0, 0, 0, 1, 0.00017803854, 3.9616512e-05, 0.12451399)
body_offset = Transform3D(0.99997663, 0.006729245, -0.0013697445, -0.0013837516, 0.0020776242, -0.999997, -0.006726429, 0.9999754, 0.002086863, -7.748604e-06, 0.12451379, -0.00029826164)

[node name="Physical Bone lowerarm_l" parent="Dummy/Rig/Skeleton3D/PhysicalBoneSimulator3D" index="5"]
transform = Transform3D(-0.47044352, 0.69762474, -0.54037267, 0.07784979, 0.64279264, 0.76207423, 0.87898934, 0.316445, -0.35670754, 0.4511776, 0.8722616, -0.102867186)
joint_offset = Transform3D(1, 0, 0, 0, 1, 0, 0, 0, 1, 0.00041843246, -0.00078258733, 0.13298306)
body_offset = Transform3D(0.9999912, -0.0022649467, -0.0035665631, -0.0035499036, 0.0072987676, -0.9999674, 0.002290845, 0.99997085, 0.0072906986, 5.4091215e-05, 0.13298592, -0.00018793344)

[node name="Physical Bone wrist_l" parent="Dummy/Rig/Skeleton3D/PhysicalBoneSimulator3D" index="6"]
transform = Transform3D(-0.4398121, 0.6931956, -0.57100374, 0.03390409, 0.6481603, 0.76074886, 0.8974496, 0.31522718, -0.30857092, 0.542511, 0.74735314, -0.04589285)
joint_offset = Transform3D(1, 0, 0, 0, 1, 0, 0, 0, 1, -3.7610404e-05, -7.5315154e-05, 0.03787467)
body_offset = Transform3D(0.9999998, -0.00083726645, -0.00022435188, -0.00022402406, 0.00042054057, -1.0000002, 0.00083723664, 0.9999996, 0.0004203543, 4.6044588e-05, 0.0378747, 5.942583e-05)

[node name="Physical Bone hand_l" parent="Dummy/Rig/Skeleton3D/PhysicalBoneSimulator3D" index="7"]
transform = Transform3D(0.26455048, 0.83226305, 0.48718718, 0.00023364153, -0.50524133, 0.86297804, 0.96437186, -0.22818744, -0.13385628, 0.5341908, 0.6734959, -0.026784409)
joint_offset = Transform3D(1, 0, 0, 0, 1, 0, 0, 0, 1, -0.0001488044, 0.002364939, 0.05524104)
body_offset = Transform3D(0.9999986, -0.0013869852, -0.0010836571, -0.00023421033, 0.5052402, -0.86297905, 0.0017444193, 0.8629779, 0.505239, 0.00021194667, 0.04647696, -0.02995056)

[node name="Physical Bone upperarm_r" parent="Dummy/Rig/Skeleton3D/PhysicalBoneSimulator3D" index="8"]
transform = Transform3D(0.1209548, -0.6719782, 0.73062676, 0.4885452, 0.6810168, 0.5454721, -0.8641143, 0.29096675, 0.41066396, -0.30054963, 1.0213737, -0.032356404)
joint_offset = Transform3D(1, 0, 0, 0, 1, 0, 0, 0, 1, -0.000585883, -0.00017646849, 0.12220232)
body_offset = Transform3D(0.99998724, -0.0029585361, 0.004137665, 0.004142374, 0.0016147792, -0.9999904, 0.00295192, 0.9999945, 0.0016269758, 7.972121e-05, 0.12220386, -2.0623207e-05)

[node name="Physical Bone lowerarm_r" parent="Dummy/Rig/Skeleton3D/PhysicalBoneSimulator3D" index="9"]
transform = Transform3D(-0.5759618, -0.66597015, 0.47407994, -0.22096023, 0.6851715, 0.6940581, -0.78704804, 0.29499814, -0.5417855, -0.45062387, 0.8641368, -0.009501867)
joint_offset = Transform3D(1, 0, 0, 0, 1, 0, 0, 0, 1, 0.0004988185, 0.00026624592, 0.13287775)
body_offset = Transform3D(0.99996567, -0.0076285154, -0.0032874048, -0.0032885075, -0.00015290082, -0.9999949, 0.0076280534, 0.99997103, -0.00017789006, -5.994737e-05, 0.13287875, -0.0002464056)

[node name="Physical Bone wrist_r" parent="Dummy/Rig/Skeleton3D/PhysicalBoneSimulator3D" index="10"]
transform = Transform3D(-0.5602569, -0.6647743, 0.4941532, -0.19737741, 0.6865322, 0.6997969, -0.8044591, 0.29453138, -0.51584584, -0.52979696, 0.74960494, 0.07855169)
joint_offset = Transform3D(1, 0, 0, 0, 1, 0, 0, 0, 1, -0.0007116024, 6.547765e-05, 0.03761206)
body_offset = Transform3D(0.99982595, -0.008142561, 0.016797572, 0.016778916, -0.0023522973, -0.9998569, 0.008180901, 0.9999643, -0.002215162, 8.02204e-05, 0.03761877, 2.3663044e-05)

[node name="Physical Bone hand_r" parent="Dummy/Rig/Skeleton3D/PhysicalBoneSimulator3D" index="11"]
transform = Transform3D(0.15024702, -0.853262, -0.4993694, 0.0003367502, -0.5050589, 0.86308485, -0.9886484, -0.12984408, -0.07559625, -0.5188194, 0.68144053, 0.10114079)
joint_offset = Transform3D(1, 0, 0, 0, 1, 0, 0, 0, 1, -3.6295096e-05, 0.0038481764, 0.05166906)
body_offset = Transform3D(1.0000001, 0.00047774613, -0.00011006743, -0.0003364224, 0.5050589, -0.86308527, -0.0003567785, 0.86308527, 0.5050586, 4.014373e-05, 0.042651236, -0.029417217)

[node name="Physical Bone upperleg_l" parent="Dummy/Rig/Skeleton3D/PhysicalBoneSimulator3D" index="12"]
transform = Transform3D(0.98359716, 0.06919175, -0.16658069, 0.17067912, -0.05824607, 0.98360366, 0.05835458, -0.9959016, -0.06910026, 0.18810904, 0.39067063, -0.0072388374)
joint_offset = Transform3D(1, 0, 0, 0, 1, 0, 0, 0, 1, 0.00073326356, -0.00013447611, 0.11113368)
body_offset = Transform3D(0.9999997, -0.0006180592, -9.8422635e-05, -9.840494e-05, 6.886572e-05, -1.0000002, 0.00061805174, 0.9999995, 6.881356e-05, -0.0007224083, 0.111133784, 0.00012637535)

[node name="Physical Bone lowerleg_l" parent="Dummy/Rig/Skeleton3D/PhysicalBoneSimulator3D" index="13"]
transform = Transform3D(0.9832957, -0.025123214, -0.18027337, 0.17239521, 0.44628233, 0.87812984, 0.05839137, -0.8945395, 0.44315863, 0.22073117, 0.2110239, -0.0314836)
joint_offset = Transform3D(1, 0, 0, 0, 1, 0, 0, 0, 1, 0.000818428, 0.00065442815, 0.07436156)
body_offset = Transform3D(0.9999981, -0.0013237223, -0.0013501197, -0.0013552979, -0.003921926, -0.9999914, 0.0013184249, 0.99999124, -0.0039233863, -0.0007171631, 0.0743646, -0.00036375225)

[node name="Physical Bone foot_l" parent="Dummy/Rig/Skeleton3D/PhysicalBoneSimulator3D" index="14"]
transform = Transform3D(0.9430792, -0.2403656, -0.22983907, -0.0019322055, -0.6950521, 0.7189568, -0.3325626, -0.6775891, -0.6559536, 0.25401884, 0.08538775, -0.010123026)
joint_offset = Transform3D(1, 0, 0, 0, 1, 0, 0, 0, 1, 8.985561e-07, 3.9524064e-05, 0.083281025)
body_offset = Transform3D(0.9999979, -0.0017835498, 0.0008508712, 0.0008544326, 0.0019015968, -0.9999979, 0.0017818063, 0.99999654, 0.0019026995, -7.168949e-05, 0.08328077, -0.00019798428)

[node name="Physical Bone upperleg_r" parent="Dummy/Rig/Skeleton3D/PhysicalBoneSimulator3D" index="15"]
transform = Transform3D(0.9982445, -0.028157847, 0.05210606, -0.055903226, -0.15734978, 0.9859594, -0.019563615, -0.98714143, -0.15864769, -0.17623079, 0.38908628, 0.032321736)
joint_offset = Transform3D(1, 0, 0, 0, 1, 0, 0, 0, 1, 4.9212373e-05, -0.00028296377, 0.112567574)
body_offset = Transform3D(0.9999999, 1.2567267e-05, -6.0028397e-06, -6.0005113e-06, 1.9073486e-06, -1, -1.2565404e-05, 0.9999996, 1.9073486e-06, -4.8533082e-05, 0.112567574, 0.00028274953)

[node name="Physical Bone lowerleg_r" parent="Dummy/Rig/Skeleton3D/PhysicalBoneSimulator3D" index="16"]
transform = Transform3D(0.99828535, 0.009300118, 0.057792332, -0.055149376, 0.48037308, 0.8753287, -0.019621218, -0.87701505, 0.48006228, -0.18678688, 0.21060891, 0.0151675455)
joint_offset = Transform3D(1, 0, 0, 0, 1, 0, 0, 0, 1, 0.0003199481, 0.0003430859, 0.07479458)
body_offset = Transform3D(0.99999964, -0.0004068017, -0.0006474862, -0.00064855255, -0.0026357174, -0.9999961, 0.00040509924, 0.99999624, -0.002635628, -0.00027137995, 0.07479541, -0.00014608353)

[node name="Physical Bone foot_r" parent="Dummy/Rig/Skeleton3D/PhysicalBoneSimulator3D" index="17"]
transform = Transform3D(0.9794617, 0.14669302, 0.13833252, 0.0023988604, -0.69449985, 0.7194889, 0.20161588, -0.70438, -0.680588, -0.20256415, 0.08503795, 0.036481723)
joint_offset = Transform3D(1, 0, 0, 0, 1, 0, 0, 0, 1, 7.647253e-05, 0.00013157807, 0.08379456)
body_offset = Transform3D(0.99999684, 0.0010491014, -0.0022017509, -0.0022031367, 0.0012580454, -0.9999969, -0.0010462105, 0.99999845, 0.0012598932, 0.00010788441, 0.083794296, -0.00023707002)

[node name="Physical Bone head" parent="Dummy/Rig/Skeleton3D/PhysicalBoneSimulator3D" index="18"]
transform = Transform3D(0.9997204, 3.0147967e-07, 0.023647461, -2.5331974e-07, 1, -2.039575e-06, -0.023647461, 2.0330142e-06, 0.9997204, 5.5342884e-08, 1.2222878, 1.7018927e-13)
joint_offset = Transform3D(1, 0, 0, 0, 0.99999964, 0, 0, 0, 0.99999964, -5.963057e-08, 2.0265577e-06, -1.4147957e-09)
body_offset = Transform3D(1.0000001, 2.5471493e-07, 8.6426735e-07, -2.547132e-07, 1.0000001, -2.0399311e-06, -8.6426735e-07, 2.0399305e-06, 1.0000001, 5.963006e-08, -2.026558e-06, 1.4106104e-09)

[node name="AnimationTree" type="AnimationTree" parent="Dummy"]
tree_root = SubResource("AnimationNodeBlendTree_k0m3b")
anim_player = NodePath("../AnimationPlayer")

[node name="Area3D" type="Area3D" parent="."]
collision_mask = 2

[node name="CollisionShape3D" type="CollisionShape3D" parent="Area3D"]
shape = SubResource("SphereShape3D_svb3k")
disabled = true

[node name="DialogueBox" parent="." instance=ExtResource("3_k0m3b")]
transform = Transform3D(1, 0, 0, 0, 1, 0, 0, 0, 1, 0, 2.8827615, -0.43405917)
visible = false

[node name="NavigationAgent3D" type="NavigationAgent3D" parent="."]
target_desired_distance = 0.1
navigation_layers = 2

[connection signal="body_entered" from="Area3D" to="." method="_on_area_3d_body_entered"]
[connection signal="body_exited" from="Area3D" to="." method="_on_area_3d_body_exited"]

[editable path="Dummy"]
[editable path="Dummy/Rig/Skeleton3D/BoneAttachment3D/pointer/pew"]
[editable path="Dummy/Rig/Skeleton3D/BoneAttachment3D/pointer/Gun_Pistol"]
