[gd_scene load_steps=21 format=3 uid="uid://dxnl4jurpfddl"]

[ext_resource type="Script" uid="uid://34cxhmcvug2m" path="res://entities/npc/npc_dummy.gd" id="1_wfx4m"]
[ext_resource type="PackedScene" uid="uid://btlcpec1pk0f4" path="res://entities/enemy/dummy.tscn" id="2_kfvlc"]
[ext_resource type="PackedScene" uid="uid://c6vlhijuot8ks" path="res://environment/dialogue_box.tscn" id="3_k0m3b"]
[ext_resource type="PackedScene" uid="uid://ebc4v13v0xiy" path="res://assets/ui/pointer.tscn" id="4_kfvlc"]

[sub_resource type="CapsuleShape3D" id="CapsuleShape3D_dwd6t"]
radius = 0.47802734
height = 2.4682617

[sub_resource type="AnimationNodeAnimation" id="AnimationNodeAnimation_wfx4m"]
animation = &"Idle"

[sub_resource type="AnimationNodeAnimation" id="AnimationNodeAnimation_k0m3b"]
animation = &"Sit_Chair_Down"

[sub_resource type="AnimationNodeAnimation" id="AnimationNodeAnimation_kr2yx"]
animation = &"Sit_Chair_Idle"

[sub_resource type="AnimationNodeAnimation" id="AnimationNodeAnimation_p43ok"]
animation = &"Sit_Chair_StandUp"

[sub_resource type="AnimationNodeAnimation" id="AnimationNodeAnimation_kfvlc"]
animation = &"Walking_C"

[sub_resource type="AnimationNodeStateMachineTransition" id="AnimationNodeStateMachineTransition_kfvlc"]
advance_mode = 2

[sub_resource type="AnimationNodeStateMachineTransition" id="AnimationNodeStateMachineTransition_k0m3b"]

[sub_resource type="AnimationNodeStateMachineTransition" id="AnimationNodeStateMachineTransition_p43ok"]

[sub_resource type="AnimationNodeStateMachineTransition" id="AnimationNodeStateMachineTransition_r8m0f"]
switch_mode = 2
advance_mode = 2

[sub_resource type="AnimationNodeStateMachineTransition" id="AnimationNodeStateMachineTransition_ixa2p"]

[sub_resource type="AnimationNodeStateMachineTransition" id="AnimationNodeStateMachineTransition_wfx4m"]
switch_mode = 2
advance_mode = 2

[sub_resource type="AnimationNodeStateMachineTransition" id="AnimationNodeStateMachineTransition_o4qnk"]

[sub_resource type="AnimationNodeStateMachine" id="AnimationNodeStateMachine_kfvlc"]
states/End/position = Vector2(1039, 100)
states/Idle/node = SubResource("AnimationNodeAnimation_wfx4m")
states/Idle/position = Vector2(436, 100)
states/Sit_Chair_Down/node = SubResource("AnimationNodeAnimation_k0m3b")
states/Sit_Chair_Down/position = Vector2(436, 279)
states/Sit_Chair_Idle/node = SubResource("AnimationNodeAnimation_kr2yx")
states/Sit_Chair_Idle/position = Vector2(610, 279)
states/Sit_Chair_StandUp/node = SubResource("AnimationNodeAnimation_p43ok")
states/Sit_Chair_StandUp/position = Vector2(610, 189)
states/Walking_C/node = SubResource("AnimationNodeAnimation_kfvlc")
states/Walking_C/position = Vector2(624, 100)
transitions = ["Start", "Idle", SubResource("AnimationNodeStateMachineTransition_kfvlc"), "Idle", "Walking_C", SubResource("AnimationNodeStateMachineTransition_k0m3b"), "Idle", "Sit_Chair_Down", SubResource("AnimationNodeStateMachineTransition_p43ok"), "Sit_Chair_Down", "Sit_Chair_Idle", SubResource("AnimationNodeStateMachineTransition_r8m0f"), "Sit_Chair_Idle", "Sit_Chair_StandUp", SubResource("AnimationNodeStateMachineTransition_ixa2p"), "Sit_Chair_StandUp", "Idle", SubResource("AnimationNodeStateMachineTransition_wfx4m"), "Walking_C", "Idle", SubResource("AnimationNodeStateMachineTransition_o4qnk")]
graph_offset = Vector2(-94, 30)

[sub_resource type="AnimationNodeBlendTree" id="AnimationNodeBlendTree_k0m3b"]
graph_offset = Vector2(-448, 64)
nodes/MovementStateMachine/node = SubResource("AnimationNodeStateMachine_kfvlc")
nodes/MovementStateMachine/position = Vector2(-240, 140)
node_connections = [&"output", 0, &"MovementStateMachine"]

[sub_resource type="SphereShape3D" id="SphereShape3D_svb3k"]
radius = 2.4835818

[node name="NpcDummy" type="CharacterBody3D" node_paths=PackedStringArray("dialogue_box", "area_col", "navigation_agent", "pointer")]
collision_layer = 32
collision_mask = 32
safe_margin = 0.5
script = ExtResource("1_wfx4m")
dialogue_box = NodePath("DialogueBox")
area_col = NodePath("Area3D/CollisionShape3D")
navigation_agent = NodePath("NavigationAgent3D")
pointer = NodePath("Pointer")

[node name="CollisionShape3D" type="CollisionShape3D" parent="."]
transform = Transform3D(1, 0, 0, 0, 1, 0, 0, 0, 1, 0, 1.2341309, 0)
shape = SubResource("CapsuleShape3D_dwd6t")

[node name="Dummy" parent="." node_paths=PackedStringArray("animationTree") instance=ExtResource("2_kfvlc")]
transform = Transform3D(-1, 0, -8.742278e-08, 0, 1, 0, 8.742278e-08, 0, -1, 0, 0, 0)
animationTree = NodePath("AnimationTree")

[node name="Skeleton3D" parent="Dummy/Rig" index="0"]
bones/0/rotation = Quaternion(0, 1.19209275e-07, 0, 1)
bones/1/position = Vector3(0, 0.37206423, 0)
bones/1/rotation = Quaternion(-1.11122646e-10, 0.043157756, 2.57241e-09, 0.9990683)
bones/2/rotation = Quaternion(-1.2390451e-17, 7.1054274e-15, -1.1209479e-16, 1)
bones/3/rotation = Quaternion(-5.451663e-18, -4.2351647e-22, -1.120948e-16, 1)
bones/4/position = Vector3(0.21200736, 0.13413203, 7.958496e-08)
bones/4/rotation = Quaternion(-0.5506732, -0.059646033, -0.649156, 0.52134246)
bones/5/rotation = Quaternion(3.5457337e-08, -4.9086747e-08, -0.49436563, 0.8692542)
bones/7/rotation = Quaternion(-0.31825167, -0.33483347, 0.14074351, 0.87566763)
bones/8/position = Vector3(9.699541e-11, 0.09612522, -0.05750002)
bones/8/rotation = Quaternion(0.0015144591, 0.0015144586, -0.70152456, 0.712642)
bones/9/position = Vector3(-0.21200739, 0.13413203, 8.3162696e-08)
bones/9/rotation = Quaternion(-0.60988486, 0.08000185, 0.62324136, 0.48291847)
bones/10/rotation = Quaternion(1.513095e-08, 7.1842464e-08, 0.5176017, 0.85562176)
bones/12/rotation = Quaternion(-0.31719086, 0.30981457, -0.22268638, 0.8682256)
bones/13/position = Vector3(-1.0718092e-09, 0.096125156, -0.057500023)
bones/13/rotation = Quaternion(0.0045262696, 0.0053312797, 0.7023827, 0.71176517)
bones/14/rotation = Quaternion(-5.80608e-11, -0.031341746, -1.880125e-09, 0.99950874)
bones/15/position = Vector3(0.17094505, 0.11358728, 1.0396902e-08)
bones/15/rotation = Quaternion(0.99020606, 0.08351383, 0.07828634, 0.07992918)
bones/16/rotation = Quaternion(0.37616178, 5.934885e-08, -2.53849e-07, 0.926554)
bones/17/rotation = Quaternion(-0.61160374, -0.20196012, 0.07329952, 0.761433)
bones/18/rotation = Quaternion(-2.2485488e-06, 0.92015594, -0.39155212, 5.843898e-07)
bones/19/position = Vector3(-0.17094505, 0.11358728, 1.499408e-08)
bones/19/rotation = Quaternion(0.99219245, -0.032921117, 0.029984912, 0.11649649)
bones/20/rotation = Quaternion(0.42227527, -6.050964e-08, 2.930165e-07, 0.9064677)
bones/21/rotation = Quaternion(-0.63836116, 0.112788774, -0.021743419, 0.7611182)
bones/22/rotation = Quaternion(-8.9349276e-05, 0.9202217, -0.39139766, 2.0291838e-05)
bones/23/position = Vector3(0.17094491, 0.2923103, 0.5758125)
bones/23/rotation = Quaternion(0.7071068, -2.2930234e-07, -4.6055156e-08, 0.7071068)
bones/24/position = Vector3(0.20218208, 0.025990263, 0.20518115)
bones/24/rotation = Quaternion(-0.7071068, -7.052851e-08, -7.0528486e-08, 0.7071068)
bones/25/position = Vector3(2.5596094e-08, 0.36283267, -2.4286129e-15)
bones/25/rotation = Quaternion(9.6579225e-09, 1.7795516e-09, 0.98571914, -0.1683977)
bones/26/position = Vector3(-1.5574136e-08, 0.21343614, -1.0534966e-08)
bones/26/rotation = Quaternion(-1.02578326e-07, 0.39108434, 0.92035484, -3.295464e-08)
bones/27/position = Vector3(2.5820137e-09, 0.16565005, -1.960292e-08)
bones/28/rotation = Quaternion(1, 1.0206753e-09, 1.9196605e-07, 1.0244548e-08)
bones/30/position = Vector3(-0.17094518, 0.2923103, 0.5758124)
bones/30/rotation = Quaternion(0.7071068, -3.82385e-08, 1.4500867e-07, 0.7071068)
bones/31/position = Vector3(-0.1709451, 0.025990263, 0.2457893)
bones/31/rotation = Quaternion(-0.7071068, -7.0528515e-08, -7.05285e-08, 0.7071068)
bones/32/position = Vector3(2.4015051e-08, 0.36283267, 2.4286129e-15)
bones/32/rotation = Quaternion(-5.8358944e-09, 6.4383693e-10, 0.9948094, 0.10175614)
bones/33/position = Vector3(5.9619847e-09, 0.21343614, -3.9266137e-09)
bones/33/rotation = Quaternion(-1.0060663e-07, 0.39108434, 0.92035484, -2.8069156e-08)
bones/34/position = Vector3(1.9620735e-08, 0.16565004, 2.8212537e-09)
bones/35/rotation = Quaternion(1, -4.058572e-09, 1.907939e-07, -6.519259e-09)
bones/37/position = Vector3(0.45350748, 1.1067611, -0.5888594)
bones/37/rotation = Quaternion(-0.7071068, -7.279511e-08, -7.279509e-08, 0.7071068)
bones/38/position = Vector3(0.5208407, 0.7682447, -0.057637356)
bones/38/rotation = Quaternion(-0.7946268, 1.2665987e-07, -0.60709834, 2.2351742e-08)
bones/39/position = Vector3(-0.45350718, 1.1067611, -0.5888596)
bones/39/rotation = Quaternion(-0.7071068, -7.279511e-08, -7.279509e-08, 0.7071068)
bones/40/position = Vector3(-0.5108437, 0.7682446, 0.059736915)
bones/40/rotation = Quaternion(-0.7582528, -1.0803343e-07, 0.6519608, 4.842878e-08)

[node name="head" parent="Dummy/Rig/Skeleton3D" index="0"]
transform = Transform3D(0.9997204, -1.4014344e-09, 0.023646597, 1.3934143e-09, 0.99999994, 3.5568645e-10, -0.023646597, -3.2263747e-10, 0.9997204, -4.303854e-09, 1.2078263, 1.5463912e-15)
visible = true

[node name="chest" parent="Dummy/Rig/Skeleton3D" index="1"]
transform = Transform3D(0.9962748, -5.1496163e-09, 0.08623532, 5.130434e-09, 0.99999994, 4.440771e-10, -0.08623532, 1.8196805e-15, 0.9962748, -2.9196552e-09, 0.9390297, 1.0572674e-15)
visible = true

[node name="Dummy_ArmLeft" parent="Dummy/Rig/Skeleton3D" index="2"]
visible = true

[node name="Dummy_ArmRight" parent="Dummy/Rig/Skeleton3D" index="3"]
visible = true

[node name="Dummy_Body" parent="Dummy/Rig/Skeleton3D" index="4"]
visible = true

[node name="Dummy_Head" parent="Dummy/Rig/Skeleton3D" index="5"]
visible = true

[node name="Dummy_LegLeft" parent="Dummy/Rig/Skeleton3D" index="6"]
visible = true

[node name="Dummy_LegRight" parent="Dummy/Rig/Skeleton3D" index="7"]
visible = true

[node name="BoneAttachment3D" parent="Dummy/Rig/Skeleton3D" index="8"]
transform = Transform3D(0.0032041115, -0.16364376, -0.98651415, -0.99991107, -0.013273946, -0.0010455877, -0.012924112, 0.98642975, -0.16367175, -0.49059486, 0.6203803, 0.10636448)

[node name="Physical Bone root" parent="Dummy/Rig/Skeleton3D/PhysicalBoneSimulator3D" index="0"]
transform = Transform3D(0.96592665, -0.2588161, -1.00753894e-07, -1.0430813e-07, -3.9435122e-13, -1, 0.2588161, 0.96592665, -2.6997002e-08, 0, 0, 0)
body_offset = Transform3D(0.9659266, -0.25881633, -1.0075389e-07, -1.0430813e-07, -3.9435122e-13, -1, 0.25881633, 0.9659266, -2.6997023e-08, 0, 0, 0)

[node name="Physical Bone hips" parent="Dummy/Rig/Skeleton3D/PhysicalBoneSimulator3D" index="1"]
transform = Transform3D(0.9962749, 0.08623432, -2.6748228e-07, -2.6777226e-07, -8.204487e-09, -1, -0.08623432, 0.9962749, 1.4917237e-08, -1.02644925e-07, 0.46805167, -1.479493e-10)
joint_offset = Transform3D(1, 0, 0, 0, 1, 0, 0, 0, 1, 1.2795257e-07, 9.786442e-09, 0.09598744)
body_offset = Transform3D(0.99999994, -9.983778e-07, -2.7290264e-07, -2.7290267e-07, -8.648557e-09, -1, 9.983778e-07, 0.99999994, -8.648829e-09, -1.0175733e-07, 0.09598744, -8.95639e-09)

[node name="Physical Bone spine" parent="Dummy/Rig/Skeleton3D/PhysicalBoneSimulator3D" index="2"]
transform = Transform3D(0.9962753, 0.086229816, -3.8372482e-07, -2.629923e-07, -1.411485e-06, -1, -0.086229816, 0.9962753, -1.3835497e-06, 2.037628e-06, 0.75104403, 3.4911538e-13)
joint_offset = Transform3D(1, 0, 0, 0, 1, 0, 0, 0, 1, -1.981843e-06, 8.8161045e-08, 0.1870023)
body_offset = Transform3D(1, -5.528331e-06, -2.681149e-07, -2.6812273e-07, -1.411929e-06, -1, 5.528331e-06, 1, -1.4119304e-06, 2.0319817e-06, 0.1870023, 1.7588414e-07)

[node name="Physical Bone chest" parent="Dummy/Rig/Skeleton3D/PhysicalBoneSimulator3D" index="3"]
transform = Transform3D(0.08623543, -0.53390455, -0.84113586, -1.9349079e-07, 0.84428096, -0.5359009, 0.9962748, 0.046213802, 0.07280682, 0.10695481, 0.98578715, -0.0092797745)
joint_offset = Transform3D(1, 0, 0, 0, 1, 0, 0, 0, 1, 2.1921185e-05, 0.018056083, 0.115696505)
body_offset = Transform3D(1.0430813e-07, -0.5359009, -0.84428096, -1.9393488e-07, 0.844281, -0.53590095, 1, 2.1979213e-07, -2.2351742e-08, 0.10735663, 0.04675746, -2.1922568e-05)

[node name="Physical Bone upperarm_l" parent="Dummy/Rig/Skeleton3D/PhysicalBoneSimulator3D" index="4"]
transform = Transform3D(0.20853476, 0.6875009, -0.6955975, -0.6167411, 0.64443225, 0.45203707, 0.7590413, 0.3347381, 0.5583966, 0.29843155, 1.0165998, -0.08862519)
joint_offset = Transform3D(1, 0, 0, 0, 1, 0, 0, 0, 1, 0.00032183327, 3.707086e-05, 0.12551303)
body_offset = Transform3D(0.9999503, 0.009844258, -0.0017871559, -0.00181216, 0.0025268346, -0.99999535, -0.009839669, 0.9999485, 0.002544552, -9.787083e-05, 0.12551296, -0.00035327673)

[node name="Physical Bone lowerarm_l" parent="Dummy/Rig/Skeleton3D/PhysicalBoneSimulator3D" index="5"]
transform = Transform3D(-0.48933405, 0.6902672, -0.5329948, 0.0792583, 0.6438354, 0.76104796, 0.8684874, 0.33016247, -0.36975998, 0.45213267, 0.86321294, -0.10421685)
joint_offset = Transform3D(1, 0, 0, 0, 1, 0, 0, 0, 1, 0.00062841544, -0.0009898315, 0.13383459)
body_offset = Transform3D(0.9999838, -0.0025128722, -0.0051633418, -0.005137801, 0.010017045, -0.99993706, 0.0025644302, 0.9999469, 0.010003999, 6.0141087e-05, 0.13383931, -0.00035071373)

[node name="Physical Bone wrist_l" parent="Dummy/Rig/Skeleton3D/PhysicalBoneSimulator3D" index="6"]
transform = Transform3D(-0.4579804, 0.6848423, -0.5667849, 0.034382682, 0.6507494, 0.75851375, 0.88829714, 0.32789683, -0.3215772, 0.54247296, 0.7392715, -0.04529702)
joint_offset = Transform3D(1, 0, 0, 0, 1, 0, 0, 0, 1, -6.741721e-05, -5.4183398e-05, 0.038132478)
body_offset = Transform3D(0.9999994, -0.0012679994, -0.0002502203, -0.00024875998, 0.0010889918, -0.9999999, 0.0012683272, 0.99999887, 0.0010886639, 7.688999e-05, 0.03813252, 1.2755394e-05)

[node name="Physical Bone hand_l" parent="Dummy/Rig/Skeleton3D/PhysicalBoneSimulator3D" index="7"]
transform = Transform3D(0.26455644, 0.8340041, 0.48419732, 0.00023291151, -0.5021418, 0.8647853, 0.96437025, -0.22867171, -0.13303909, 0.53353685, 0.6660651, -0.02563127)
joint_offset = Transform3D(1, 0, 0, 0, 1, 0, 0, 0, 1, -0.0002190072, 0.003088288, 0.055155307)
body_offset = Transform3D(0.9999988, -0.001399979, -0.0010800064, -0.0002307054, 0.50214237, -0.8647854, 0.0017529726, 0.8647842, 0.50214106, 0.00028289855, 0.04614669, -0.030366063)

[node name="Physical Bone upperarm_r" parent="Dummy/Rig/Skeleton3D/PhysicalBoneSimulator3D" index="8"]
transform = Transform3D(0.13132465, -0.66122425, 0.7386043, 0.5033096, 0.68636084, 0.52496505, -0.8540687, 0.3028058, 0.42293662, -0.30172125, 1.0094035, -0.03412626)
joint_offset = Transform3D(1, 0, 0, 0, 1, 0, 0, 0, 1, -0.00078529463, -0.00021233261, 0.122482836)
body_offset = Transform3D(0.99998057, -0.0027743876, 0.0056583285, 0.005663693, 0.0019322038, -0.99998224, 0.0027635098, 0.99999434, 0.0019478798, 9.164214e-05, 0.12248552, -2.4080276e-05)

[node name="Physical Bone lowerarm_r" parent="Dummy/Rig/Skeleton3D/PhysicalBoneSimulator3D" index="9"]
transform = Transform3D(-0.5954061, -0.6534727, 0.46740243, -0.21720858, 0.6910246, 0.68942404, -0.7735064, 0.30896345, -0.55338013, -0.4519459, 0.85491765, -0.010605292)
joint_offset = Transform3D(1, 0, 0, 0, 1, 0, 0, 0, 1, 0.0006657952, 0.000285637, 0.13375852)
body_offset = Transform3D(0.9999404, -0.009982899, -0.004448533, -0.004449159, -3.0249357e-05, -0.9999905, 0.0099827945, 0.99995035, -7.4625015e-05, -6.787479e-05, 0.13376021, -0.0002822876)

[node name="Physical Bone wrist_r" parent="Dummy/Rig/Skeleton3D/PhysicalBoneSimulator3D" index="10"]
transform = Transform3D(-0.5835485, -0.651779, 0.4844124, -0.1987174, 0.69298315, 0.69302654, -0.7873898, 0.3081534, -0.5339091, -0.5296861, 0.74168104, 0.079115786)
joint_offset = Transform3D(1, 0, 0, 0, 1, 0, 0, 0, 1, -0.0009925491, 0.00010490851, 0.03780954)
body_offset = Transform3D(0.9996809, -0.0106469095, 0.02292487, 0.022891998, -0.0031887442, -0.9997332, 0.010717243, 0.9999384, -0.0029440075, 0.00012657046, 0.037822515, 1.7046928e-05)

[node name="Physical Bone hand_r" parent="Dummy/Rig/Skeleton3D/PhysicalBoneSimulator3D" index="11"]
transform = Transform3D(0.15024924, -0.8552536, -0.4959501, 0.00032963182, -0.5016013, 0.8650989, -0.9886481, -0.13014393, -0.0750833, -0.5181455, 0.6759088, 0.102157116)
joint_offset = Transform3D(1, 0, 0, 0, 1, 0, 0, 0, 1, -2.7097265e-05, 0.0052695144, 0.049982503)
body_offset = Transform3D(1.0000004, 0.0004749745, -0.00010777265, -0.00033183742, 0.50160176, -0.86509883, -0.0003567636, 0.86509895, 0.50160176, 2.9981136e-05, 0.040596604, -0.029629976)

[node name="Physical Bone upperleg_l" parent="Dummy/Rig/Skeleton3D/PhysicalBoneSimulator3D" index="12"]
transform = Transform3D(0.9823753, 0.0829422, -0.16750917, 0.17823975, -0.14576449, 0.9731307, 0.05629671, -0.9858364, -0.15797903, 0.18782234, 0.3780874, 0.002436389)
joint_offset = Transform3D(1, 0, 0, 0, 1, 0, 0, 0, 1, 0.0009997285, -0.00019710994, 0.11032147)
body_offset = Transform3D(0.99999946, -0.0008269958, -0.00046620052, -0.0004658606, 0.00041170418, -0.9999998, 0.00082720444, 0.99999905, 0.00041133165, -0.0009484589, 0.110322, 0.00015090406)

[node name="Physical Bone lowerleg_l" parent="Dummy/Rig/Skeleton3D/PhysicalBoneSimulator3D" index="13"]
transform = Transform3D(0.9820892, -0.058836367, -0.17899477, 0.17969586, 0.57815427, 0.7958939, 0.0566591, -0.81380343, 0.5783717, 0.22080462, 0.20491509, -0.021265015)
joint_offset = Transform3D(1, 0, 0, 0, 1, 0, 0, 0, 1, 0.00079934957, 0.00084767357, 0.074248835)
body_offset = Transform3D(0.99999815, -0.001480259, -0.0011718683, -0.0011795089, -0.005142182, -0.9999862, 0.0014742464, 0.9999856, -0.005143374, -0.0007110834, 0.074253105, -0.00046695024)

[node name="Physical Bone foot_l" parent="Dummy/Rig/Skeleton3D/PhysicalBoneSimulator3D" index="14"]
transform = Transform3D(0.94289345, -0.24110384, -0.2298279, -0.0026070254, -0.6952987, 0.7187162, -0.33308426, -0.6770736, -0.65622115, 0.2540282, 0.08535376, -0.009989258)
joint_offset = Transform3D(1, 0, 0, 0, 1, 0, 0, 0, 1, 2.9445951e-05, 8.261672e-05, 0.08339384)
body_offset = Transform3D(0.9999956, -0.002652496, 0.0010995567, 0.0011066198, 0.002580613, -0.99999595, 0.0026495159, 0.999993, 0.0025829673, -0.00012092292, 0.08339325, -0.00029809773)

[node name="Physical Bone upperleg_r" parent="Dummy/Rig/Skeleton3D/PhysicalBoneSimulator3D" index="15"]
transform = Transform3D(0.9981171, -0.032090392, 0.05227391, -0.05833365, -0.23315996, 0.9706872, -0.018961549, -0.97190875, -0.2345929, -0.17626888, 0.37646765, 0.040734597)
joint_offset = Transform3D(1, 0, 0, 0, 1, 0, 0, 0, 1, 7.318155e-05, -0.00038568265, 0.112392746)
body_offset = Transform3D(1, 1.1688098e-05, -5.6782737e-06, -5.676411e-06, 1.1533499e-05, -1, -1.1680648e-05, 0.99999946, 1.1503696e-05, -7.253885e-05, 0.11239275, 0.00038439035)

[node name="Physical Bone lowerleg_r" parent="Dummy/Rig/Skeleton3D/PhysicalBoneSimulator3D" index="16"]
transform = Transform3D(0.9981609, 0.019092113, 0.05753529, -0.05756713, 0.59594524, 0.800959, -0.018995883, -0.8027981, 0.59594834, -0.18696848, 0.20506582, 0.023804331)
joint_offset = Transform3D(1, 0, 0, 0, 1, 0, 0, 0, 1, 0.0004766319, 0.0004578078, 0.07480853)
body_offset = Transform3D(0.9999996, -0.00048220903, -0.0006092042, -0.00061086845, -0.0034893453, -0.9999935, 0.00048008375, 0.99999356, -0.0034890473, -0.00043083727, 0.074809924, -0.00019702315)

[node name="Physical Bone foot_r" parent="Dummy/Rig/Skeleton3D/PhysicalBoneSimulator3D" index="17"]
transform = Transform3D(0.9794497, 0.14734046, 0.1377291, 0.003155463, -0.69398886, 0.71997887, 0.2016645, -0.70474833, -0.68019205, -0.20255207, 0.0848186, 0.036747817)
joint_offset = Transform3D(1, 0, 0, 0, 1, 0, 0, 0, 1, 5.374229e-05, 0.00022788523, 0.08412953)
body_offset = Transform3D(0.9999948, 0.0016091019, -0.0027778298, -0.0027793348, 0.0008608699, -0.9999958, -0.001606524, 0.999998, 0.0008648336, 0.0001795888, 0.08412912, -0.00030055642)

[node name="Physical Bone head" parent="Dummy/Rig/Skeleton3D/PhysicalBoneSimulator3D" index="18"]
transform = Transform3D(0.9997204, 3.0147967e-07, 0.023647461, -2.5331974e-07, 1, -2.039575e-06, -0.023647461, 2.0330142e-06, 0.9997204, 5.5368314e-08, 1.2078242, 7.334041e-13)
joint_offset = Transform3D(1, 0, 0, 0, 0.99999964, 0, 0, 0, 0.99999964, -5.9655974e-08, 2.0265577e-06, -1.41596e-09)
body_offset = Transform3D(1.0000001, 2.5471493e-07, 8.6426735e-07, -2.547132e-07, 1.0000001, -2.0399311e-06, -8.6426735e-07, 2.0399305e-06, 1.0000001, 5.965546e-08, -2.026558e-06, 1.4117747e-09)

[node name="AnimationTree" type="AnimationTree" parent="Dummy"]
tree_root = SubResource("AnimationNodeBlendTree_k0m3b")
anim_player = NodePath("../AnimationPlayer")

[node name="Area3D" type="Area3D" parent="."]
collision_mask = 2

[node name="CollisionShape3D" type="CollisionShape3D" parent="Area3D"]
shape = SubResource("SphereShape3D_svb3k")
disabled = true

[node name="DialogueBox" parent="." instance=ExtResource("3_k0m3b")]
transform = Transform3D(1, 0, 0, 0, 1, 0, 0, 0, 1, 0, 2.8827615, -0.43405917)
visible = false

[node name="NavigationAgent3D" type="NavigationAgent3D" parent="."]
target_desired_distance = 0.1

[node name="Pointer" parent="." instance=ExtResource("4_kfvlc")]
transform = Transform3D(1, 0, 0, 0, 1, 0, 0, 0, 1, 0, 2.6577318, 0)
visible = false

[connection signal="body_entered" from="Area3D" to="." method="_on_area_3d_body_entered"]
[connection signal="body_exited" from="Area3D" to="." method="_on_area_3d_body_exited"]

[editable path="Dummy"]
[editable path="Dummy/Rig/Skeleton3D/BoneAttachment3D/pointer/pew"]
[editable path="Dummy/Rig/Skeleton3D/BoneAttachment3D/pointer/Gun_Pistol"]
